3 281 43 25
3 161 255 190
3 228 176 279
3 296 174 291
3 209 100 261
3 206 235 204
3 256 260 274
3 193 164 40
3 290 124 205
3 93 153 18
3 13 194 234
3 95 299 79
3 278 168 219
3 35 99 22
3 149 145 165
3 224 6 292
3 266 198 117
3 123 120 295
3 127 286 159
3 61 157 243
3 113 92 229
3 201 158 17
3 14 208 97
3 3 128 143
3 30 70 114
3 250 130 220
3 170 202 293
3 132 207 221
3 196 183 269
3 252 103 8
3 177 64 253
3 192 106 32
3 45 118 38
3 175 104 1
3 59 15 81
3 7 119 262
3 136 71 137
3 215 69 162
3 0 51 187
3 75 244 63
3 140 240 270
3 248 12 276
3 58 191 28
3 27 237 151
3 105 19 96
3 82 180 54
3 273 142 41
3 24 216 20
3 186 134 23
3 121 160 16
3 108 50 188
3 139 231 2
3 152 85 225
3 182 4 275
3 233 90 150
3 214 199 48
3 109 268 33
3 283 65 57
3 44 56 232
3 173 125 197
3 107 203 297
3 67 251 10
3 146 263 257
3 115 111 181
3 242 29 178
3 294 217 280
3 60 73 267
3 163 80 185
3 238 284 166
3 227 94 155
3 68 74 141
3 148 241 169
3 78 86 247
3 171 52 116
3 21 254 223
3 101 112 102
3 189 84 226
3 66 147 298
3 62 76 53
3 55 236 264
3 230 211 88
3 98 200 285
3 172 77 138
3 218 110 287
3 167 195 89
3 265 144 282
3 272 126 49
3 122 37 179
3 156 135 46
3 91 259 131
3 133 246 83
3 26 87 271
3 5 31 47
3 154 239 258
3 210 249 42
3 222 34 245
3 39 9 213
3 129 36 11
3 277 289 212
3 288 72 184