25 6520 4232 1237 8126 1634 6093 4657 6761 4966 4533 5011 7034 6556 5923 3893 5042 7598 5299 1463 5616 9173 4160 5075 6616 4113
25 262 4802 9006 7052 8189 8125 9875 3730 8496 7919 7567 5478 6843 4005 4213 7412 6558 8278 1013 6319 6901 327 3917 1014 4335
25 9702 3555 519 7616 3890 8170 8420 9916 1702 8828 1482 9570 3894 1838 5171 7594 2326 219 8202 6518 8044 1422 5514 4325 6812
25 2007 9437 5018 6334 2393 6750 7300 3284 5025 7612 1731 7509 3672 6080 8433 7818 9619 3936 2219 3448 9150 7348 5973 1198 7808
25 9099 2056 793 7027 6261 8544 4337 2125 128 2874 6177 3939 4646 7270 9812 7131 3714 277 2357 9608 2203 8270 6246 6188 8682
25 4144 7496 8914 7109 2137 1501 169 6025 6609 7768 6762 6968 8584 8084 8532 1676 632 2655 1888 9598 5825 9801 5469 9908 3762
25 7904 2768 5892 8316 9263 7210 3348 9178 6699 5735 2794 6923 9866 5041 5600 3756 6050 3176 3800 4326 6403 8668 2859 2547 1035
25 2343 6863 7749 6228 4839 2897 608 2473 333 7993 2803 1732 5200 1094 9023 3770 7984 6783 1317 6493 3837 5885 7484 2892 760
25 5317 7020 9068 6149 9485 9417 5125 1903 1045 3915 1470 63 7137 6173 757 6885 2675 3019 8131 4103 947 1412 5637 6023 4069
25 4898 2594 538 9187 7969 2748 1281 1299 7786 2278 4921 7896 3568 8011 9820 7413 6194 635 8582 86 5529 4442 3382 9819 2561
25 8452 6227 4262 9542 5324 3003 2602 3166 2250 4064 8768 9013 9469 2032 1872 8484 948 4036 9802 3591 1397 4876 5158 4191 48
25 7329 3120 8489 9441 4605 1066 939 4900 3231 3430 7179 5399 2002 6443 9024 1500 2419 5603 3551 2776 3998 847 2809 4002 6291
25 6363 4987 9575 1912 1469 3750 2094 4166 1043 3217 3192 750 7403 7866 4465 6039 3398 2536 3678 7640 774 8155 9505 5861 1795
25 5864 397 1252 5027 5570 3402 5775 5774 6255 9985 5646 3107 1815 6046 6962 5881 1809 3726 543 5573 5315 8453 4237 994 5730
25 2693 2698 3407 8410 1502 6376 7281 3896 7525 5993 5818 291 3549 3363 5596 1403 8360 8135 7773 3588 1265 8129 9765 9896 9197
25 1480 900 5708 8455 5907 9280 3220 1417 9645 6144 709 1170 5566 7344 3386 6878 3243 7398 4571 3842 452 5712 4589 3614 265
25 6072 634 4665 4082 9304 6088 8987 2560 6837 4879 1445 7177 9893 379 5445 371 6572 6350 3290 6721 3156 8130 3790 1786 7634
25 5739 6907 9009 8545 3644 1338 7823 8760 6284 2358 3381 990 405 5743 8250 1685 7171 7264 1626 4461 737 6816 9541 6704 3221
25 7003 962 8664 5901 8055 242 1106 308 9174 5122 7822 1169 9278 7570 7232 6738 949 8003 1474 3423 384 4702 6416 3633 5295
25 8606 4869 9333 7361 3922 4043 8834 4709 4602 1110 7985 997 8211 9971 4564 2971 9019 419 3924 160 2238 7231 2410 3065 9180
25 7882 427 998 4412 9561 2442 7055 1020 4241 7673 5939 469 7093 4537 1098 2205 953 2478 9878 7247 8898 7796 541 9970 6166
25 8070 5658 1899 2465 6880 1438 7001 2271 5330 5995 3954 6617 4806 7327 7349 3958 4469 8821 9790 120 8207 6056 162 578 3334
25 2298 5393 7279 7494 8733 4844 3701 869 6352 5369 4772 4297 5906 5601 9127 1886 1376 9972 8311 7535 3270 3624 5817 352 1074
25 3905 6564 986 5039 8161 5367 6997 4417 3419 159 5777 6768 9033 6593 1264 3528 2287 373 7926 4763 7715 4260 3131 7007 768
25 7314 8432 2439 7207 5108 3417 9403 1564 491 4418 9384 813 2562 2020 9274 8039 1316 3122 7362 6449 5114 1081 6213 575 2625
25 2491 559 3989 9031 5064 3682 4553 9842 9081 2273 4285 1223 6221 621 6043 4356 8638 3433 5318 6990 2384 6565 2444 6682 7762
25 2735 1624 3647 150 5033 6053 15 4019 2770 7254 8671 6980 8527 9039 3986 1979 6157 586 2153 8534 9167 9454 6394 5576 2314
25 7028 8143 6242 3712 5750 4255 2437 1832 7070 8181 2713 1922 4490 6238 5504 1783 4660 2072 234 7604 4317 5768 7325 8415 1228
25 6462 5159 4114 3838 3006 7392 7445 639 9753 707 3108 5948 4636 4906 1182 3307 1859 2618 1442 7060 7538 3495 951 3611 9831
25 881 2352 6825 8905 6440 6489 3815 871 5705 3390 675 5938 5466 7375 116 9217 5911 2348 1176 9302 6510 9117 2004 7256 9647
25 39 4789 3746 6978 582 4613 393 4970 4509 2235 5986 5562 1483 8772 9976 5793 3459 4672 7897 6140 7820 8999 6464 2510 6324
25 9509 9844 5632 6312 7553 2644 6854 3903 1843 1076 2493 6973 8136 4146 9448 8405 7676 5753 5846 662 7038 6853 5173 9312 2291
25 3187 4845 5353 455 3350 4599 8256 8822 1678 3009 2816 3124 4105 5182 3075 5893 7013 9984 8050 9832 7200 2248 3953 4283 5839
25 3864 5434 8253 6413 2402 3803 5722 3870 4920 420 9001 9025 2319 3740 3683 3449 6066 9322 2464 2598 1130 2970 199 7044 6141
25 8038 107 9526 9653 6742 9532 1580 9176 1178 2613 7566 1757 821 2988 4078 453 5741 5179 1682 9810 9741 4715 9354 1199 7651
25 6830 9986 3897 5657 9758 4584 1641 1418 815 5663 3299 1079 9932 1158 9125 3736 859 9746 5509 9210 828 4637 4472 6152 6631
25 5437 4689 1699 9139 6197 9288 6875 9343 2170 5133 2212 8986 1997 3153 2187 307 5510 1830 1019 5006 2359 7831 2882 1861 7261
25 4998 4612 4848 6717 706 9504 7934 2533 1336 4261 9137 4440 9446 5123 520 9823 3895 4125 5747 896 9562 954 2404 800 2494
25 6362 5480 874 8010 1522 6225 2280 3664 9207 3844 9799 9545 7731 7306 7258 3603 7668 9185 1916 3226 4910 3403 9846 2145 5052
25 8160 2544 650 1579 8908 8686 4754 7540 1337 4815 818 9244 8642 6266 783 4540 3141 5304 4346 4044 1070 6600 8846 8215 1174
25 8991 1322 6445 9568 6531 3782 3152 3758 841 5795 1227 9695 6800 4875 3195 6276 6075 9261 1439 8491 2 1987 6474 4995 2376
25 3134 2142 1009 2311 2023 5951 879 5128 5055 554 2782 295 2079 4511 8425 4502 3353 9721 5699 3092 3460 9749 5432 8113 3060
25 1817 7867 8257 3257 4324 9426 2099 5781 8442 3666 4077 6082 3866 9918 4947 2328 5992 6967 2041 5250 5342 1992 3556 8594 3901
25 3198 3737 7218 1802 6634 1371 5696 7965 4850 3034 8746 819 8975 5397 5878 2858 942 9300 6605 4562 8118 6059 221 9736 3507
25 4303 7806 8080 7457 4618 2470 8436 9201 547 8428 3445 9273 4342 3341 7878 2566 2996 5811 9838 6412 730 8630 548 6487 4208
25 4996 3252 1380 7408 6715 9012 1052 2321 5545 785 4128 9247 6132 8609 5187 1526 4211 5648 6049 8325 9367 5931 6304 2908 9295
25 6548 1415 5303 2225 6913 7977 5615 3522 4474 3777 2171 8751 1149 7582 8691 7832 6421 8876 7411 3637 3943 297 9578 3100 5925
25 8732 8699 9435 2690 9233 8073 5485 6745 3680 8309 6477 8589 7745 8710 9599 1796 4057 5391 3127 7156 9010 7996 1849 5870 8570
25 9503 1146 6036 5130 4134 156 892 7453 7508 5672 8440 3526 6117 1512 9694 5152 1495 3783 8183 1156 3806 8090 3138 9486 6881
25 9011 4046 8997 7815 2213 523 7422 3620 716 1108 9475 2215 6347 3511 2033 7942 2889 7587 3765 9650 8766 7736 4745 6607 9124
25 2881 7945 7593 9616 4925 7025 9256 1245 276 9311 7908 2830 6528 8797 7877 7019 5650 7613 2667 713 6327 90 7973 7492 4764
25 9764 2381 9889 4497 3550 7089 2564 5636 5841 4299 7129 9389 2753 7245 5036 8041 1787 4503 3067 7663 8406 7712 9495 1799 776
25 7182 1213 8234 7455 2691 4458 5468 2484 7646 5282 3302 4767 7488 8865 4338 8775 9824 5609 2106 2511 4862 7834 346 6456 9461
25 605 7094 9775 7578 62 3476 1127 3867 6395 6040 9106 1613 3376 121 8132 4108 4826 4711 8266 8472 8864 5071 9867 1611 8191
25 1107 694 3216 4695 2864 574 1563 5752 1481 7162 8921 2841 429 9375 4411 2531 773 8074 9709 2135 6209 2503 27 110 4746
25 6834 9355 6124 6303 2472 9208 1855 4576 3593 5942 4428 1711 9262 5918 7955 6940 4786 5958 6733 7057 7505 9325 8771 6338 9924
25 6740 345 6811 4274 7050 2430 52 7592 9759 4475 7790 7920 2054 912 8330 9716 6722 1471 6580 9861 1211 588 9962 6690 2546
25 2605 8343 9193 5105 2676 2035 398 8334 1729 3339 3579 4955 3383 7092 3771 5642 2557 3748 5208 5933 7147 9936 1513 1125 1399
25 558 9588 3118 1957 6010 824 2709 2876 6749 637 3456 3854 2779 3164 8310 7191 9194 8916 9450 4534 7260 2110 6137 564 3300
25 2288 9559 2524 6542 7664 8717 5611 7693 7998 7655 9576 5308 4328 3686 2175 2771 8190 2532 5698 3210 6452 4286 6786 4716 7250
25 9624 7728 6288 9479 2636 7302 3175 9320 6346 3950 76 4856 9254 7199 3069 5383 2285 5352 3458 7959 8151 8633 2422 6208 4090
25 7476 1776 7291 1185 7590 685 1475 8936 6367 3333 7537 5493 5095 3788 7899 9923 7462 7708 8331 2949 8518 5930 3181 4963 3685
25 6382 1686 5578 6763 5213 5849 6872 9605 8800 6799 6734 678 5252 2105 5799 5331 7286 999 2244 9248 5940 4913 8158 3408 3259
25 6581 1831 8645 3464 9 4878 2008 5733 7266 9462 2434 8162 3616 6966 1458 2554 803 2568 437 7607 8381 3587 4655 1195 9404
25 1773 3703 6220 6691 1436 2576 924 5086 8903 9258 6444 6342 7321 2885 9783 2253 703 9996 8906 8451 9022 5974 2961 8713 4406
25 7280 6943 5348 7644 2588 690 2789 6633 3690 1217 802 8688 9093 607 4393 2829 2955 2808 1363 5749 3622 1147 7371 3286 9092
25 8239 2648 2597 7986 9539 3424 9887 2389 525 6190 9656 7684 5620 7087 6111 7544 5927 3926 7811 5461 4775 2599 1393 4567 5067
25 7966 3191 5495 2022 5068 2732 6758 2807 779 3384 4185 4139 1967 8013 9111 6081 1332 3078 3140 3047 8354 6409 8931 2551 1942
25 7347 8061 6340 7121 7086 8356 4331 7925 5285 3661 1235 5117 1675 7804 7511 9546 4353 173 8122 5567 5631 956 7276 6785 9833
25 2204 5984 5037 5045 756 9493 3988 9711 3183 2179 8579 3059 7149 3814 2640 1440 5365 6434 791 8468 193 382 6232 8323 7037
25 3508 489 1140 2160 3971 7979 6096 309 5667 8974 3660 1826 6182 876 3366 5428 8706 3040 3234 8482 2590 46 6420 1258 1794
25 5156 3066 8654 3619 9146 6204 1845 6185 2694 9085 1798 4894 4350 6732 2614 4804 244 3450 2711 2158 1925 6064 197 1833 2182
25 5763 4614 5606 5203 4468 5608 4263 1557 511 8575 6589 8196 7722 3349 1505 7 527 6899 2972 3238 4344 6895 1192 6596 5734
25 1721 8934 9459 9507 2570 7949 6252 4707 9795 661 2222 864 9988 7002 7927 1954 1077 545 6251 4102 4529 5012 6243 8948 6453
25 2134 3478 2577 1983 4493 8375 610 5205 9762 2624 7166 9912 9845 2838 6944 9351 7829 3264 4644 3780 7641 4223 6539 6454 8978
25 264 4247 2682 8327 4600 9627 6716 861 9710 7043 801 7406 3923 7274 5241 1042 8650 9699 6280 3481 3079 8795 8561 7023 7742
25 7373 1614 4095 2453 5804 343 8740 3631 2073 6841 8209 9088 5655 4361 2416 2556 762 5386 2673 8109 7424 5583 8439 1088 9084
25 8464 6583 2138 8576 1011 9717 1581 4010 1531 9045 887 5035 3662 9748 8897 562 7680 1828 4972 4563 2401 9549 860 7754 7692
25 928 4985 6249 7639 2866 7269 546 117 1972 5990 9898 3301 1958 6661 9906 9761 7890 1294 3043 4190 6029 3204 6604 4358 71
25 5426 9060 2021 585 719 7752 4634 2428 1246 7452 7935 2699 7294 7874 1668 2849 714 3995 910 483 261 1737 5502 7518 1021
25 2591 4981 2777 8299 4209 5283 417 6925 2943 8470 6110 274 5801 6950 5675 270 8648 7835 992 2100 9394 1718 7635 5021 2612
25 4924 34 9313 5543 8647 7889 5587 6500 4457 5160 6904 2210 9938 166 1044 106 9371 6713 9007 972 6008 4591 8843 7703 40
25 9489 1341 5084 8258 5727 8809 2063 4531 8024 7837 6171 4521 6700 7036 3274 4315 9955 3266 42 2449 5406 898 9895 6305 6736
25 4301 5968 4323 7864 7304 4206 7416 1943 3073 282 2349 57 4616 9157 3892 5972 7941 7611 9998 4151 9175 3470 7284 2331 668
25 8721 1932 473 594 6374 8596 6909 9070 3913 26 7489 1301 8435 1840 6569 6065 1606 2265 6918 5245 9442 472 9510 5732 8035
25 4087 3965 775 6969 2334 2610 5343 3827 8725 6653 3218 6862 3414 4507 1222 4595 797 9668 7994 9083 4441 2664 4142 4333 4675
25 9100 7850 3566 9949 600 5215 735 7397 2501 3000 2641 1567 9744 5178 4266 5459 4429 4401 5882 8098 5769 9779 113 4175 2290
25 9897 8366 4486 670 4983 9607 6942 2181 6643 1339 1961 6757 4601 3258 8804 1788 176 5096 9050 8757 5483 9830 5851 5954 2583
25 5377 1323 5647 8995 3454 2718 4574 7579 8317 5641 8789 7110 7377 7853 5292 7654 8372 1664 7542 6739 5290 5651 3329 9253 3179
25 9444 9090 4751 7461 6427 1506 8813 3121 8057 983 9693 1741 7139 7473 4678 3643 9564 5713 1358 4384 6095 153 6891 8753 1058
25 5321 251 5900 8165 2097 8917 7008 531 7450 8117 6781 399 2436 8750 3344 4226 645 8831 8907 8321 4949 2445 780 5546 7686
25 6724 6933 6250 5165 7033 3968 2230 6502 2396 2945 2233 782 3273 7136 715 3142 8604 8694 3956 2785 8637 8673 4512 9714 4953
25 134 6855 6759 7983 6883 9536 5373 3863 8077 3605 471 4276 6062 7470 6996 292 7785 9983 9577 2825 4444 7124 2677 1163 7259
25 3887 9612 853 5905 5362 9994 5262 877 3851 6121 2443 9728 273 8803 8296 6458 9811 4551 4096 4765 7614 1266 6628 7846 4734
25 2787 4753 1695 5 9521 868 4813 1684 44 4194 9883 3541 263 9332 6637 2592 4416 2195 5113 1201 7588 5088 1277 9585 4366
25 4532 798 7589 5662 6946 4281 5286 753 6900 672 2604 4164 6163 9237 5659 2994 3640 95 2413 1487 1466 7090 3126 3553 8332
25 3491 5837 1060 9862 139 7901 6802 804 5409 9048 8551 9091 6579 4550 589 987 6537 8400 2435 4598 6054 7951 5040 8271 3269
25 2984 1847 9834 7720 7502 9183 1117 3437 4496 8597 5049 7178 512 6461 5535 9987 870 7586 6292 439 9393 6176 5190 8379 1615
25 613 7100 8313 1369 1067 493 6167 13 1596 7924 4099 8367 1347 1388 2221 6418 5831 112 6092 4300 1269 1326 9246 8294 1689
25 9751 8079 4244 3816 623 4744 3465 7011 5389 3483 8583 5792 331 1018 5827 3727 8549 7856 2123 7895 6838 4433 8329 8769 4023
25 1071 4380 4322 3313 5595 138 7367 4186 8977 2906 1203 2890 389 1984 1782 5568 3165 7386 4797 1565 1306 6505 9104 1844 7610
25 4450 6245 1311 5142 9484 4050 8631 404 6562 1312 6584 8361 9284 6438 6906 4176 80 7794 1010 1394 4455 8228 4788 6147 2356
25 1594 4625 8279 1073 5612 2351 4109 5222 49 7475 4781 9309 503 5862 2260 1053 9515 963 6803 8362 9977 2964 3360 1416 6911
25 854 8284 9826 8707 6529 5214 6650 3947 2508 3657 1008 9291 374 9885 2392 7040 131 9071 6651 3819 47 3232 8810 537 5134
25 4184 4880 6439 6259 3634 7333 6695 4919 9468 8880 1562 1994 8559 6955 8871 7363 2834 9416 7236 2475 1026 5223 8018 108 5370
25 7318 6159 9583 4467 9905 3934 7076 7938 213 232 4234 3691 2712 9235 4558 303 889 3554 6359 7153 6183 1260 259 1969 4990
25 3311 5802 210 9184 8306 6203 5243 4903 3250 6400 4452 9691 3413 3345 9960 7354 9224 4725 3582 5272 9058 3653 6836 8483 367
25 5625 2346 2839 3411 6191 4049 6028 3834 1633 2703 392 8899 6300 8801 961 5118 2162 5390 5969 7873 2717 1283 2593 3794 7235
25 288 0 1850 4766 6048 6234 1785 1889 5034 2043 7211 2163 6623 7022 7331 4040 5519 5686 534 317 1619 886 2088 7437 1610
25 3265 7746 3847 4654 3338 5058 988 8071 6499 7770 5989 8303 5363 4824 6868 4071 3443 7465 92 5227 7382 1432 4760 7699 1716
25 3962 3623 6578 1587 9413 8540 29 500 1800 9087 1694 7727 5210 6471 8429 9131 5427 501 9326 700 3119 231 5767 9907 9076
25 8885 2374 2609 6482 1319 4722 3823 9740 5856 7116 8465 5525 4696 3798 215 8153 6206 9747 9054 9142 7045 9544 6828 2454 7503
25 129 2877 410 7622 1953 3920 925 1966 9321 2417 2603 3373 3332 1063 6146 4656 1314 831 4770 8192 3292 4777 5094 5313 5762
25 8667 1724 9974 504 7081 1708 717 6998 4415 4395 8693 6877 4927 8062 3946 4423 7702 5310 4592 2318 254 174 1892 6408 9269
25 698 2549 5078 9069 4246 3391 3907 2742 8267 4098 1549 7734 3160 4686 8344 2801 1569 4081 4400 8658 7758 5848 1435 8237 2534
25 3877 6398 1935 9654 7523 8910 4833 4041 9973 2488 2912 8666 6380 4623 9458 6116 5193 9671 6001 4245 9042 9839 474 9487 8059
25 723 4632 5176 7548 1175 8089 8646 8824 1880 893 4374 664 2490 9553 8508 8178 9473 2240 21 573 590 3757 6044 5693 3496
25 1680 8066 1251 4388 209 9957 6459 8690 2921 6796 8859 1016 1677 4296 6957 102 6640 4409 2077 9227 838 5761 8419 7079 7733
25 1725 9118 5145 1456 8001 7059 3319 2747 4107 9181 7709 3239 7435 603 3104 1152 7564 1986 1837 4568 2387 6751 4207 5168 3773
25 6169 257 2519 8603 6429 5003 2861 2696 505 1723 3500 4093 9120 9696 445 484 1681 5181 2446 7697 3028 3285 9388 2373 165
25 8893 1234 3571 8863 5101 6954 3574 4738 5547 6861 2065 3016 6982 705 5385 9347 5718 7605 2774 5960 8020 1720 4177 4258 1947
25 9451 7332 4823 1946 1907 8806 2455 8758 836 5540 643 6550 8280 6871 9778 3161 3570 766 5261 3564 9948 9604 9279 7396 5471
25 5679 8619 5949 1955 1647 5456 8336 4643 9909 6765 11 1434 2707 6423 2102 6575 4538 1103 5700 9516 5338 4992 3919 8226 4516
25 4029 2722 3592 441 4994 4124 5405 5202 7700 3401 5536 6103 4956 5668 1244 4674 4912 7338 557 3372 9529 4110 5852 5912 1779
25 5997 7290 3792 1853 8521 5059 789 5785 6961 202 8558 6632 4305 8462 8149 9816 9063 9420 1812 4917 6007 1193 124 6223 5069
25 3705 2155 7565 6645 7802 7134 3420 7881 8610 9873 6951 9331 5357 1426 4926 6193 6205 1516 9701 9064 5234 7928 4072 127 2255
25 1374 2115 3493 4820 1960 3431 5756 4327 9591 6290 4726 3473 4248 8307 3912 8937 3697 4229 4523 2755 5965 9882 4118 2756 6015
25 4135 8449 4387 3418 2403 9669 3797 1034 9113 9314 4033 6189 1909 8787 7113 980 9110 6073 9639 1661 8546 4808 1919 5564 5669
25 8625 3557 1282 5238 8478 9723 5430 6773 3463 7433 8607 2076 5194 7869 8159 2441 372 3227 1493 253 3143 1289 3111 8612 67
25 3256 6463 2652 3645 7513 2995 293 944 9537 237 1860 6045 1129 834 2781 9904 8873 1409 9287 8542 8082 1510 9387 7212 2144
25 3625 7056 7907 394 7859 8081 1485 6410 4432 7467 9703 5440 8391 3527 2383 5372 3287 93 9043 2259 8942 4967 8348 950 8687
25 6526 8006 9508 1465 9725 6138 6033 6782 7277 882 6566 4111 2440 3315 1015 8969 5439 2186 9756 4957 6839 1365 1592 2850 9286
25 631 2931 9679 5635 9817 3397 9682 1395 3811 6150 8347 7961 4930 9847 6345 3820 8571 5803 7894 1274 8962 628 6832 4152 5294
25 2147 2292 6627 4769 6819 4035 9538 8459 8651 1523 486 4870 4704 4692 4161 4471 9763 2194 6269 4759 4838 9525 6615 5623 8389
25 3215 8676 1520 1754 2310 8197 7047 5760 5418 2500 8858 9514 7138 9457 5728 4030 7958 5232 7224 8148 6952 4343 9629 84 4548
25 7196 6133 6360 7793 7401 296 1173 5866 1238 7063 9353 9427 5150 7698 6888 1324 3786 6215 5796 4641 7963 9534 4310 7816 8853
25 2692 289 995 1345 5784 6701 7197 8369 9368 3038 8850 2894 6451 7519 8236 9432 2459 299 6794 3442 4179 9743 2654 3457 8845
25 8565 8411 8247 73 2831 8301 8376 6784 7169 7658 1609 8214 906 6295 7572 2121 7117 4670 6330 5137 1492 5403 1519 1218 3972
25 5593 4291 2197 9053 2957 5964 2101 8480 5224 4408 5966 3589 5955 2207 7219 2196 4354 6168 2333 2071 2070 5074 6483 2819 2911
25 1188 3775 9406 8892 606 45 8107 5710 3858 8818 6685 2697 312 2746 1841 9933 5120 8431 3612 3255 2451 8700 7751 777 5867
25 2122 7374 4470 7065 6656 3944 8138 692 9149 7776 3497 5552 2657 6619 6551 7058 9385 3636 2589 6417 8569 7677 6098 212 1356
25 619 8808 7125 3081 8205 9610 258 3713 118 827 326 5886 5073 595 4008 1881 922 7842 494 6450 3352 7687 4858 1263 816
25 8749 3494 1736 7006 1329 7159 4419 8054 1511 9692 3346 3112 142 6017 304 75 5778 1153 1504 1443 4546 6945 688 5654 6703
25 1545 6322 2140 3581 2010 5271 431 1810 5703 342 9975 7135 1601 6532 6538 3248 2089 6833 4782 846 4153 3214 7500 4945 2306
25 103 9676 9407 3670 9242 2581 7495 3245 8890 2447 506 9891 6389 7617 2960 3707 2132 6490 6432 6647 9594 587 9211 8274 581
25 8786 7821 4638 4158 5364 3289 6694 4585 3055 4270 6987 460 3295 7486 4420 7911 214 3711 9034 6022 9718 7555 4712 8481 7152
25 3630 8072 347 3861 2653 3197 6229 626 4742 9179 7916 3974 9177 5590 7560 9533 2006 278 70 5161 3013 3046 1461 5850 8139
25 5452 8624 8203 5779 4277 2429 3208 8328 8644 9864 6840 3076 9480 1865 5359 9453 1467 8925 4851 2895 7158 2036 2668 7860 2642
25 4148 4112 3996 7186 4794 4630 2804 8238 5807 8957 9492 3586 1669 8386 1749 7223 5789 5513 2705 5129 9356 7953 7434 9858 7483
25 7387 252 3379 8827 6436 965 795 6097 2647 5199 5926 7717 2414 6311 1386 4853 7292 8613 2631 6771 126 3832 1713 8187 7933
25 1666 3186 9433 755 6011 7915 4743 386 1250 903 1132 6587 4080 3873 3395 5103 3342 1949 1709 2919 6726 2935 5924 3852 4881
25 5151 7943 2837 9950 6256 9328 7353 2474 7482 3087 1514 3032 3027 4790 7809 3584 4530 5684 5983 6929 9655 2350 6063 2650 7164
25 2918 6696 7576 7379 2338 5269 6162 6822 7469 4901 4201 2282 1599 7597 5681 3772 9202 4039 6770 8052 3885 8670 7369 6118 7791
25 2499 6664 4032 7774 3101 4138 1928 4256 4682 1017 8639 7298 3997 7615 435 6889 7724 2300 2739 3428 1652 2619 1806 5830 311
25 5833 6466 1197 1120 5847 5335 855 7051 4731 1402 8177 1904 8567 978 5522 1455 4056 7119 3766 2257 2274 7303 1835 5724 7930
25 205 2412 3881 4196 5716 7163 8588 2012 4888 6764 8615 9381 9899 9129 7729 8943 7779 7389 1405 3796 4877 7239 4451 5704 9044
25 2959 3150 3362 1753 3168 9434 2750 9438 8363 5798 7581 8100 5503 228 8092 3426 3037 6113 9680 4434 1333 6240 656 3931 5350
25 8868 4536 6519 2822 3642 891 9606 4480 8502 2322 6626 5500 7855 3434 5585 9239 4137 1391 820 1921 885 3184 5336 1477 8792
25 5260 9358 4091 1468 442 2191 9463 3049 310 3860 1348 4364 2738 8198 9640 3891 4383 8504 1279 5823 7175 9360 5688 6874 636
25 9663 4385 3399 4573 3293 5100 4394 9078 3505 9160 8585 7024 8437 5614 2761 5099 1083 9327 3538 8956 1137 1851 3392 4257 3468
25 3828 4320 443 676 1384 3839 7069 2535 1791 8349 5857 1261 6894 4544 8218 349 5087 6446 9391 6898 5613 3681 3268 1913 4004
25 4647 3779 5896 1748 4282 8338 8068 6126 5309 5422 7072 7632 5474 6697 2700 5810 5832 8194 281 60 1089 6989 3558 908 3023
25 7892 2958 8365 8377 423 7014 1383 1139 7875 8825 6939 4779 9198 3535 3999 9234 2149 7898 9255 7215 6356 8009 542 2710 1007
25 3163 7584 6094 5153 1673 1194 6642 9982 2375 9894 8944 194 175 4304 3688 9941 6018 4141 7730 4165 6296 8221 3718 3970 2209
25 2863 359 9410 6708 7585 2268 8371 6202 858 5539 7740 192 2117 8370 666 1335 5548 8401 1078 8374 7082 6254 6870 488 5230
25 8048 5932 9989 8675 6608 695 1273 915 8516 3977 7241 2515 7657 1870 8208 5736 6310 7216 1605 5941 5605 2177 1829 8953 7193
25 6108 2714 3147 3222 4210 3052 552 4182 3427 1692 8802 7209 5435 325 8947 1976 4907 4031 1128 2891 3017 2523 191 287 1534
25 1691 2545 2495 754 2418 3532 2963 3543 2369 1030 5060 7409 2805 5591 3594 4009 5345 2164 3260 1568 6585 208 3242 7556 8599
25 5604 3960 4939 2853 7405 1766 2823 1820 4737 897 6218 6508 5458 8939 5928 3695 3576 1769 769 4732 3692 3056 7456 5141 9754
25 2261 8778 8275 5501 5323 5755 1875 5453 3769 8820 3821 2974 9547 8877 6710 8412 8711 4446 4703 3416 9821 6719 6864 532 8485
25 4220 4834 7012 9792 4829 163 5298 979 6976 655 2552 3244 8945 4915 2224 4352 3569 2681 3687 1658 9755 904 1407 5325 1444
25 7205 181 1968 3531 6388 3617 5687 9216 7775 6000 2087 8352 3012 9275 8060 334 5398 8291 3602 8293 681 1991 728 8000 7436
25 5950 3054 3878 5897 9428 9890 5143 8320 9190 1550 2426 9595 220 5910 9935 3375 5876 2312 1350 572 9192 4195 9659 516 6947
25 2382 8543 7991 4708 8634 8166 5982 2066 1936 7395 2606 5649 8259 8879 7847 7049 4885 1284 8359 1056 151 6636 1157 6431 3088
25 5424 7248 1933 4115 2766 7128 5976 3178 1964 9096 9920 9490 5089 829 9506 4741 9857 4756 5413 5015 7066 2146 5868 5302 2516
25 171 7454 1328 4473 923 8392 6148 6170 6932 4609 1532 8326 9136 2615 7685 4016 9739 9770 1037 8590 3575 2038 6032 5361 6161
25 6514 745 6958 7595 2069 1001 7551 8730 3850 6775 4425 5999 3618 8838 9698 1494 5492 8927 6253 72 7772 5326 1023 8659 8913
25 5072 2910 3095 6552 3978 4336 1646 9865 2857 5534 3328 772 9292 7836 8593 3149 2128 8981 2479 9766 7571 1863 1978 9903 583
25 9447 968 1542 4181 7851 1080 6657 4687 5139 2736 2083 7783 8021 4478 6317 6497 5702 6077 3321 6612 5909 9715 8493 3849 2469
25 2082 967 2947 3145 8506 7017 9483 2154 8324 1939 556 6748 4855 2835 4430 2090 7913 2243 5127 4131 3317 6492 579 4617 4379
25 8046 1302 5671 778 5494 8918 2792 9260 4825 2865 8171 6123 9411 8315 934 4645 5977 2342 6424 6887 2307 5007 2916 4639 6058
25 7937 7716 2092 6879 9398 5890 8894 4424 5112 8477 6373 4086 3799 8909 5026 2482 8064 3928 3277 9567 7541 9141 7341 9922 5155
25 4942 4396 9869 6335 6370 9075 1715 633 5800 6268 3306 1566 416 2107 3422 66 3316 1167 5218 3137 8290 6139 8463 6231 8026
25 2112 8812 9338 9221 2987 7529 8103 3196 4710 8005 3855 8091 7694 5253 338 8562 8848 2124 6804 8042 4088 9902 6846 8677 9501
25 8167 5721 6960 7342 2341 1707 4549 9205 3987 9734 927 2587 9421 8783 9871 8620 2236 9929 3665 2990 8581 5638 7652 7491 8883
25 6181 5894 905 7288 4066 2573 8058 2380 2623 5414 6741 5344 3716 6153 7190 2159 8385 9621 6744 444 3900 6142 8958 4818 5953
25 9097 7528 5783 1884 5209 6341 3520 3979 8989 2245 3070 7714 1036 1181 3498 2217 8144 510 6392 2251 4365 3322 7624 6192 9377
25 8736 3114 1375 154 8346 8175 7499 5920 1050 3474 2565 7358 7111 9241 1540 336 781 4705 3888 400 1801 6779 3708 1775 4691
25 6689 584 3205 7633 4510 6897 3606 20 4932 7630 4946 91 3447 9774 3857 5561 850 8043 7282 1095 7675 9502 7978 3883 8959
25 6935 4026 873 1101 8886 3872 1573 4311 8709 104 6035 6507 5097 5172 6869 919 5444 3649 5229 4482 6198 5332 5024 6983 2796
25 6102 5460 9336 1591 4224 8503 8357 5748 3323 3948 2093 8988 6068 1262 524 9151 648 7661 5692 6071 3836 4052 3583 2969 7031
25 1586 7771 9477 3489 657 6396 5899 3233 1055 4960 1558 5629 920 1864 5293 1122 9522 2751 6224 457 6554 4950 8727 115 5441
25 2379 843 1114 805 2509 5050 5219 6972 2423 4121 9658 7828 4251 1385 9226 1868 1584 6546 5419 5871 6503 2704 9251 3158 6109
25 7253 9530 1271 9349 629 8222 5433 2365 4541 4083 3969 365 2813 8252 4413 4895 5300 4816 7097 9584 8407 6959 952 5340 5550
25 380 9153 3741 1242 5119 8652 6789 7964 6496 7246 677 2872 4180 7515 9362 9636 6540 9745 8870 1988 5883 7884 6984 1651 4836
25 3749 3041 201 6683 6247 5515 8776 6754 8519 7546 4513 3281 604 2317 9884 3174 2933 3425 3031 2555 718 3655 6320 4204 6850
25 1816 7972 8779 8761 2925 5455 1719 1429 7140 7755 6120 6130 5337 5467 7737 2855 8844 6673 5273 7705 6134 4648 7336 2617 8413
25 3061 2832 549 7701 2411 4891 7029 3462 1583 6047 3607 1346 5148 3862 941 3335 3410 5029 2661 724 702 4001 9930 9361 3438
25 2512 2214 8681 6472 2315 9990 7351 7123 2980 9836 2460 3182 8798 2168 1877 6469 5985 2580 2982 2811 9200 1362 1280 3563 5140
25 2662 8106 7844 4 360 9513 6143 6570 3486 5618 5563 5410 8034 4923 6860 7769 31 5091 2723 41 969 4392 8047 5255 3959
25 2272 7143 739 6965 8499 7101 9587 4952 2790 5235 8765 395 3400 3514 9337 2769 5196 9687 6563 9768 7018 5765 625 5786 3534
25 5619 4628 3291 7064 9681 7265 8075 7122 8763 2538 808 1869 4526 3667 1109 9931 241 3044 3696 8754 7010 3193 3035 2752 7568
25 2242 4253 1224 2643 249 3063 3105 1423 8602 1183 4578 2040 302 1900 4973 3039 5220 8887 5297 5005 7204 1024 977 1464 7399
25 9944 9240 6677 8793 7872 268 749 7532 7826 2726 971 246 3871 2046 3638 2724 4714 6051 4867 7989 2294 3237 5880 9772 7778
25 7970 1318 5845 7289 8095 7848 8430 3843 2301 8796 3572 3378 1134 4979 8965 4554 6430 9911 7126 9670 9386 9571 3654 2989 8235
25 8244 2629 6279 4378 9566 4561 7278 1742 1688 5472 2843 3679 5022 3951 8735 6938 7883 4986 9476 1208 4991 732 7226 9191 2844
25 2344 4776 9959 1392 6963 8114 6457 3314 3130 1643 1808 7981 3479 3080 6667 6778 3764 6592 6273 2658 5824 8901 7378 6720 4405
25 8124 8842 3074 5488 167 614 1948 8390 222 3567 8611 7971 4171 2951 3846 9690 1756 8788 5719 58 3297 765 4989 9992 7691
25 8402 7427 4240 5961 8051 2075 4821 6105 617 627 3628 9470 2015 5652 6797 976 5981 7402 5691 8577 7154 4899 4629 2926 3155
25 5505 6034 8414 3368 4582 1268 79 6614 8276 9729 4202 646 7201 1059 8855 2267 4150 6893 5594 3365 8076 8289 9335 786 9230
25 3090 6069 2011 3976 5251 36 5773 1296 5236 6332 4051 284 3545 6422 2405 6659 6020 4650 6622 9500 8004 5248 5538 1897 867
25 2198 1525 7868 8019 7636 9840 9498 8832 8900 497 1093 3902 1836 7679 7735 8720 3710 7323 1454 1656 9760 1690 8500 2476 4449
25 3117 913 6004 5544 4792 9602 5826 1535 8698 4964 7141 6707 9449 1956 6263 7439 8915 4318 2868 6041 2055 6807 8860 5624 576
25 5481 835 2893 4238 8689 2299 421 5328 8627 8794 4021 4140 5066 2783 4896 6571 734 3358 8355 2378 6769 1602 3343 5904 211
25 3173 9784 3180 5109 5106 2001 1650 3600 6534 7004 5057 842 7108 114 2666 9066 271 3466 4724 875 770 9499 1100 1390 8895
25 7293 6371 4662 3879 4200 9372 9112 7841 1259 9126 5860 8867 1701 6180 3135 5305 9299 857 9622 3542 6013 2814 9978 216 2836
25 1572 1644 4854 3723 597 2846 6912 5275 1233 5107 6119 9555 5541 767 2176 2622 1425 6387 5499 2952 387 9934 3805 2683 5239
25 1286 6601 794 6949 2029 8632 2929 5707 6390 3371 6079 4376 2578 1068 8743 6468 6835 314 937 7192 7307 2901 6351 9098 7310
25 1119 9581 4749 2180 6675 6975 1743 981 8168 6882 6337 3412 7840 3830 2030 2024 2998 3132 1896 2758 3211 8854 5184 3699 3185
25 8762 2406 7419 1575 6501 383 3241 9637 5306 4341 8849 8560 7444 1761 6129 1102 5701 9061 490 8242 422 1906 2258 9140 2368
25 8745 5031 5610 2579 6031 1372 1207 9072 7569 3097 790 6680 2284 7183 3632 6896 2034 4539 602 4559 2630 3071 2621 6099 8976
25 6145 2111 6195 459 8487 9535 8533 7713 1379 9805 7906 2915 5177 4267 4178 8265 3098 7917 809 4230 6155 4698 1462 35 7391
25 6012 1295 2237 3990 7364 2103 1839 5473 9550 7750 7127 7992 4453 3641 8146 4527 5257 7857 9519 2701 2572 2715 1882 6325 6399
25 4735 6921 9057 143 8163 3461 3336 6718 5307 1940 1683 4007 5759 4719 5085 7148 2044 8112 555 6019 1361 7106 5551 894 183
25 1486 5394 2670 1255 5162 3909 3361 1200 2216 3086 8635 570 9212 3219 3552 4886 363 6106 5132 5266 2775 2684 7682 4162 1999
25 8767 3096 9782 641 507 5183 4795 1734 3374 5167 8920 8351 7603 540 5008 3506 4100 1704 9102 8547 6402 8782 9993 9250 9346
25 6480 8417 1187 701 9685 9315 5206 7432 3045 3675 1028 8649 2956 17 9148 5166 3621 2016 7161 3984 8195 7767 2875 5575 9843
25 2119 3689 5327 3732 9551 2467 2851 9370 3886 6404 807 9786 7273 3824 9419 9917 1738 1396 2337 902 1755 6908 5952 5392 7000
25 946 1917 8438 3513 3927 9757 177 415 364 9283 7308 4934 2687 5678 7947 2095 4861 6076 8972 7053 5598 4435 9794 5959 4089
25 7322 4658 4525 4371 5978 5265 1867 6199 6002 6061 4581 3288 3171 2151 1574 6298 5198 6006 2329 9329 85 6278 1239 3635 3224
25 654 5164 3469 4221 7744 6513 5371 2150 3937 8028 5249 8617 7756 7550 1305 3992 4122 630 8101 428 9169 144 7800 9232 2954
25 2978 5048 8454 279 2930 1287 3533 8538 2688 6780 9460 529 96 7726 449 8963 7512 710 8641 2354 9954 8384 9683 1496 3022
25 2806 2847 9726 4596 3136 9603 1368 4587 492 3604 544 5854 2528 2296 2743 61 2361 1133 3530 4929 1349 4874 74 9943 7337
25 4884 8526 5102 7507 9431 2345 8922 7849 989 7952 1410 2571 1086 9294 551 2708 1959 5872 9243 227 6257 9582 6753 6665 6348
25 2741 7638 2457 7623 2096 7649 4104 1973 1645 653 3761 9472 8288 9290 2518 9660 8684 6827 132 7130 6344 3613 7995 4239 8722
25 447 7620 4978 5812 2303 1040 8537 8446 4334 123 6411 7602 9632 771 3523 863 3930 4382 186 4840 4228 2485 6287 4154 5000
25 5895 8014 9281 960 9008 53 1437 1714 136 4198 4557 9259 2870 2639 9876 2295 2922 560 2363 8398 8983 2997 1206 4492 8704
25 9788 1003 9378 4977 320 8985 5842 7662 8505 3251 4606 8816 4976 4017 2256 2917 3228 704 6379 2728 3354 3453 4169 8994 5518
25 4163 9238 4485 6042 7637 6486 9133 4203 6361 4259 235 341 2797 651 8152 5963 6283 8457 6512 4236 6795 2940 1377 9245 350
25 4460 1625 9382 6994 6852 2231 8815 4101 8169 3024 3706 8027 4652 4084 993 7360 2812 1858 1257 8662 50 7689 2529 4012 7561
25 448 3652 4961 3908 7760 1449 6236 4791 3482 5131 1097 3320 1990 6128 6375 1272 4349 4980 6919 418 2431 3865 528 1628 5572
25 7798 6555 3704 6810 4170 4736 2320 4787 2685 68 6219 764 8539 8964 6478 7982 5836 3793 8471 1357 1852 3663 5448 5553 8663
25 2522 7443 5093 2305 1950 8955 2967 6709 9677 2471 9132 1971 9631 275 5498 7690 2211 7543 6233 3719 6842 7886 2263 3008 1551
25 3548 78 5934 2550 9868 7299 7830 3684 3537 7805 812 2126 5579 4427 1033 3952 4214 3916 4812 5358 5645 8889 4747 8179 7659
25 3330 464 4149 7922 1772 8140 616 9456 8773 2900 1521 6586 1389 5351 5729 98 157 3768 6174 9750 4849 9737 2854 2965 5174
25 3982 9965 7088 7950 2241 1370 4332 5725 4822 6003 3048 7824 4347 318 2914 4067 1267 8574 1758 2019 5046 5737 7574 6460 6684
25 9689 7448 9303 751 5855 1560 5110 5360 3202 5144 9859 1593 687 5521 3899 746 2898 536 3700 866 4314 7062 6294 3492 1657
25 9967 5917 2433 5279 5329 8 7629 8210 148 1032 9881 4368 8636 2424 8088 899 4935 4860 4940 3267 8333 2784 1750 9162 1431
25 3206 3435 2505 4784 3651 3759 1825 3020 8314 2689 5497 2114 7459 8856 4155 7757 2371 1848 526 7252 482 3808 1726 2025 101
25 3940 9735 4937 6393 1160 9186 8418 8961 8679 8674 4397 7039 1854 406 1497 7931 7046 8628 3608 673 6175 233 7504 217 4147
25 5674 4868 7340 1000 6970 8467 7208 3510 8563 8373 3639 563 848 2585 3370 6297 8550 6377 6260 6561 5549 1135 8383 1359 1113
25 19 2802 5017 4386 3512 178 1065 1489 8535 5216 5020 2632 2824 2059 2047 748 1315 8791 5496 4280 7172 8445 8996 8552 4615
25 1554 8587 1004 2064 3062 8212 5715 1995 2152 6277 6535 1327 2563 6364 8219 3230 4518 1930 1561 3324 3961 4908 5772 3502 6306
25 8353 3610 9956 9154 3083 6089 596 10 4130 1970 823 1539 1620 1805 9340 4882 1226 1824 8337 43 4106 6415 9464 4308 425
25 1908 2840 2932 4038 5874 6714 1697 3247 4000 8427 9620 518 8342 3818 2817 5987 2139 4651 475 1703 1541 6986 430 8065 6594
25 4340 7957 5967 9966 3304 7451 7558 4720 4348 8509 3005 7103 9465 6186 1321 122 9850 3826 9114 7343 2165 7838 7233 3235 4390
25 1155 2946 7852 8128 1993 3203 1457 9825 1051 7073 2992 2167 7721 763 2489 3932 9730 2764 7765 8137 7706 5788 1105 684 852
25 7501 6639 7334 7227 7527 30 298 982 6641 4477 4217 8497 9771 3835 1064 1118 1616 909 7643 3778 1556 3340 7801 2537 3516
25 7181 5580 6485 1636 3201 4047 7667 4063 290 4683 8032 4800 1210 9415 6848 7446 8134 5558 7430 2388 184 3738 649 9712 5098
25 938 7516 8243 9077 3925 5395 4622 2148 660 3546 4037 1212 4778 1202 731 7118 8063 1171 6156 2084 5975 6867 9872 6414 2502
25 3139 1705 3146 9249 8492 5592 7339 495 3110 5429 7213 3357 2407 8147 1623 1765 4783 9634 6766 8949 3 7295 196 6545 2461
25 3091 3262 8536 5776 3369 5442 5170 1304 8199 4809 8979 1637 6158 426 7441 5010 8756 9787 5559 9672 432 8476 4649 8840 7719
25 4575 1428 8836 6635 8705 515 5163 5819 4269 9466 2201 8852 955 7609 5378 6433 3789 4552 5346 2514 2397 9651 424 3941 4586
25 1989 577 9301 1672 1191 533 133 7477 9590 7442 2905 3524 4669 4289 3693 8731 5446 6527 7647 130 8223 2009 6725 388 451
25 9586 7168 7316 272 1589 1797 9156 8447 9018 9797 8277 9390 9101 8515 8133 1507 1898 9560 5347 9445 5873 5296 8764 4865 2133
25 1057 7468 315 9330 2270 7074 926 1400 4922 2052 6999 8861 2848 3172 5211 7021 1310 1524 9266 4889 401 8640 6646 7075 8954
25 3487 245 1424 2421 4287 7627 1693 5375 3785 9942 4515 6790 2880 6282 4543 5477 6981 2486 8952 7819 5806 7599 8469 6706 2913
25 6792 9055 9719 7048 4398 2818 6239 5002 7723 9168 1049 2856 6568 3518 2347 7600 7142 6258 8857 4863 4505 5486 6806 4640 6668
25 7787 8308 3646 7522 3650 478 5476 747 3115 4173 2028 4631 5944 8911 6343 5076 9707 147 5677 5258 4635 224 2810 1508 9189
25 9455 6602 9402 4454 8714 9439 2754 9374 3480 6702 3190 9961 1453 9056 161 2136 1891 4268 3983 6425 2409 4733 2003 508 568
25 8016 9666 7404 6237 7157 6629 240 9107 9776 7797 682 2633 2601 7683 6354 5569 8174 4721 7407 5464 1706 4022 5083 8513 4494
25 7345 14 3656 7151 9424 9633 8923 8230 7601 9079 5079 9134 7506 9195 8896 4302 3573 9592 4501 550 4272 733 2862 438 3776
25 7105 155 6210 4799 7384 3279 8069 3673 4172 6672 4389 7155 4535 4565 3177 4439 2651 9951 9305 4798 7198 736 3432 5884 5157
25 6729 1698 1915 1762 1151 1834 4959 8416 914 2327 5276 6357 238 7739 6308 6318 8626 8966 7115 8941 7275 2157 9642 7458 2759
25 2289 4928 6481 6428 5971 1029 1184 8904 6386 5421 1005 1998 1220 8023 9940 6728 5457 883 2394 6937 4079 5644 9614 9915 3833
25 1823 2820 5356 7665 890 3945 569 7948 5599 6992 5381 3840 1654 7428 3225 3475 3455 3093 7393 5929 5656 826 9910 4426 8950
25 8525 9310 5169 4713 8473 2626 9089 9373 1441 2821 7880 3809 5400 9945 4755 2507 3813 5690 5438 6114 2873 1649 8302 5665 799
25 6495 9520 8015 3015 7095 1022 294 2129 7479 4729 2228 6752 5061 2883 3444 4666 9852 740 8968 8829 2031 8318 644 5988 3559
25 7394 5339 1617 7078 2220 6222 4796 7222 6956 8744 1313 1747 485 3409 4219 6674 742 5945 8938 7559 2541 8752 5264 2143 6610
25 8156 188 9365 1752 3668 9004 7888 3735 9422 6890 409 6727 3488 2719 5790 973 4126 2172 2130 9980 1571 3001 7626 9593 137
25 5626 1334 1179 2886 5470 5019 7167 8600 4362 2720 7902 1635 6776 4018 6815 3880 5523 8494 5574 5244 7359 4215 339 3072 6016
25 4306 3742 7944 663 1883 9809 8193 5577 9270 9491 4199 7187 6262 9067 7524 4951 3327 8422 8229 1770 2944 4717 7042 5226 5621
25 9979 6014 553 8173 6270 9611 4188 6941 6201 7041 9752 4528 9665 6856 514 7296 9257 5680 1536 2254 1012 4421 5919 2496 1320
25 5664 4664 87 9720 5617 8094 4699 4055 6127 125 5764 6091 1529 2466 7357 7326 4313 3053 6948 7606 9225 2492 1538 2923 5531
25 4572 8823 1293 6760 4294 7203 8030 3648 248 3659 6926 1253 7782 4360 3702 2232 7650 2567 5582 8241 5259 696 7914 7372 1763
25 1433 8692 2649 1712 5225 5449 1351 7858 8490 5766 9062 3194 463 2638 9827 4504 1717 8695 1115 5565 5524 1533 7249 6384 3752
25 3310 5581 7669 6426 2086 4739 5628 8811 6730 8305 9952 8186 9808 2939 8408 7618 4252 5135 3033 5287 1871 6151 3973 5436 7910
25 6491 2266 624 5491 3698 2335 1767 8993 1148 9016 7696 7214 4835 1980 5267 5666 7096 832 2665 2463 4974 620 5754 9804 693
25 8458 8872 8466 5231 4414 4758 5853 3240 8940 752 4402 3598 1123 7980 5994 8591 7660 1291 450 6286 811 375 6557 7268 4205
25 1934 6323 8881 286 711 5771 8182 8891 2385 3021 9860 7839 8984 8728 7554 561 8770 7539 2976 9119 9968 5484 206 4174 7732
25 4872 9252 2904 6924 2678 6595 7185 4943 1774 9409 6723 3436 2979 862 7999 1006 6813 407 5780 8216 2104 5278 1663 4911 2896
25 8784 679 2275 1622 7425 1876 4883 6533 2607 3212 5720 1364 3720 3709 4422 7490 9268 8805 2731 9369 5670 3869 5246 8249 5889
25 9144 2313 4597 5877 4668 593 2860 7421 2950 7206 5956 8841 1111 6866 3671 1503 32 565 6517 3109 5816 5844 9380 8204 1722
25 2646 2304 7320 720 8951 8424 1938 8888 7449 4814 9316 5723 1598 141 9209 6067 2569 4075 916 1204 83 180 1700 6385 1452
25 7228 9953 9219 239 7825 5542 105 145 7814 5149 8086 3051 2799 4893 1069 1768 9128 4006 7385 6630 7493 1038 3014 3283 8605
25 7487 8862 1811 9785 5240 1784 1303 9412 9793 4345 4846 2246 6993 3261 6465 4447 671 1164 5277 3282 814 3787 9293 601 6541
25 6 9318 2540 2586 4681 1275 3318 2780 8780 9123 89 2968 8213 5154 4119 8444 3918 9440 4015 1679 9854 4466 9618 8967 9848
25 4127 2879 7810 3841 1142 3856 2477 9350 4819 9914 3544 3724 9236 9913 6397 77 6652 8578 5188 306 4003 351 580 6679 9082
25 1041 8553 3312 1002 2057 3525 9733 7514 3499 4890 236 3169 377 6265 4661 4048 9014 5312 1790 8393 4157 9767 856 8201 2749
25 3337 7718 2178 2355 1430 7112 9196 612 2169 2884 7180 7891 839 5376 7549 1553 4499 9229 2513 8056 9700 6230 4233 8614 6285
25 4944 470 9705 4193 1923 3440 9418 9688 6522 4042 2899 9436 5863 5746 4556 8723 9732 361 3884 4805 2058 3725 9806 6985 3503
25 8785 9596 300 4464 9206 8364 8245 321 3406 3308 6606 6052 5387 4061 4271 4914 4619 2521 3441 82 6767 7510 6333 8017 25
25 1270 8573 8556 3889 6611 8007 1491 9005 9518 8530 8093 3747 6368 8350 4073 9870 1340 7107 4355 319 7356 5032 6358 4873 6953
25 1367 1827 9678 8912 3275 8777 7173 9115 8738 2045 4319 7071 7032 7244 5554 4761 7795 5263 2828 2788 5191 7464 6849 7780 6101
25 6470 5001 4399 4611 1241 3745 2067 8268 8523 6655 348 865 2584 2014 6328 3807 4785 7990 2161 8002 1926 7229 5316 7912 2663
25 4249 9017 1298 9037 6859 4771 7575 4488 2377 8933 7383 5560 8255 6805 8164 4962 1739 2185 2733 9317 513 158 4560 8629 5334
25 7653 888 4864 4309 5077 4677 5233 7217 1727 370 9027 918 2395 7799 1696 8878 8724 337 6598 2973 3125 5185 7759 8096 5463
25 5694 2468 4679 6289 8874 3817 2966 3385 9306 4866 9020 1112 6903 7656 722 8233 100 851 9430 7704 2981 9164 2740 3396 3911
25 1459 5314 4520 8998 6648 2200 4133 9359 434 5709 9517 8388 9049 6074 385 8295 2362 8341 1498 5962 149 5189 7030 9644 8595
25 5044 9661 285 2600 7625 996 1890 8312 5937 2085 7738 6979 353 256 5602 8748 7526 4159 9563 8273 5731 7271 8875 203 2548
25 7431 8568 5402 7080 686 7481 4965 1360 9161 5349 1937 7987 6686 247 6844 7670 8621 8260 2734 391 1885 9298 3377 8992 5782
25 7438 5274 3728 2815 697 3580 6026 725 1659 243 2791 1355 1552 1247 830 1527 7861 2324 9673 1662 3804 1408 2184 3154 3906
25 8272 3910 6476 4404 6301 9285 2226 4916 5744 1730 8919 6809 7862 6009 6366 5195 7429 2339 8618 4275 38 8701 2937 5537 788
25 3980 6309 4330 3305 6524 6756 9724 5280 5822 9886 7596 2680 8025 7237 8517 5633 8665 4373 368 2192 9925 4933 5903 9199 2049
25 2517 3975 3674 9414 5512 4097 6488 4904 5175 6746 6599 6845 2005 7368 4456 5865 8580 5404 8421 8120 4279 2948 9999 5420 933
25 7741 3829 9364 1398 3128 622 1145 3933 6293 1230 6670 5622 8286 5584 9073 8529 4498 7631 2247 1229 403 9652 9731 9397 8319
25 2721 1092 8799 5070 1687 5450 8283 2432 6711 3200 4837 3002 8729 479 2744 6858 4487 1451 2026 5742 109 9395 4369 33 5530
25 9814 8511 2229 9597 4013 9121 2902 7091 3099 5333 8474 7067 7545 1929 4803 433 9835 9094 9926 7472 1087 9002 4438 4351 301
25 7285 4058 1091 8486 4250 1621 530 185 2308 480 5379 7220 1807 3356 5921 8423 3585 7381 5630 2757 6777 3722 6590 6995 305
25 1975 4484 7221 658 1249 2530 1290 5682 5374 1048 1952 2283 4680 51 966 2888 9401 7666 6104 4663 5676 8514 2013 1075 9471
25 9648 7997 3763 1578 2595 2340 6523 8141 1818 9777 7645 5843 9059 7863 4295 5038 6618 7305 4187 3812 3272 7145 1297 9601 9366
25 964 6743 6355 2763 4278 1373 3036 4391 5407 5740 146 2867 3068 5411 4225 3875 465 4608 3964 1585 8656 3547 6829 2109 1186
25 8655 5462 1039 2520 6271 3477 8099 9130 9837 226 2525 9888 8037 4841 4053 6316 6886 4410 9116 5366 5368 5532 6331 4774 4603
25 825 8078 3753 1631 6613 8045 7132 172 535 1781 8097 4620 7114 8049 7225 6847 4059 1735 8790 1450 119 4312 7355 7242 6441
25 3359 6560 1401 6791 8734 1124 2706 3271 4024 5487 8781 5714 7642 4579 4693 5320 5355 8715 2975 9108 840 7388 6087 381 7854
25 6902 2999 9958 6574 2506 8680 1144 6823 2558 4938 4566 2936 23 6620 4321 5556 7781 9223 3626 2778 9841 1062 6115 7956 9152
25 7711 5482 7195 9963 7312 266 7608 5431 7243 5511 9927 1745 8085 1856 6275 4339 5916 7763 1962 6831 7061 8982 5875 55 9921
25 54 8380 9851 2798 6737 8185 2852 1205 9557 3994 9342 4508 8261 1413 4293 817 3963 7803 1951 4136 69 7909 323 7954 2074
25 9880 9030 3278 4847 2553 4483 2293 6455 5116 5996 6851 1196 6772 6267 8507 6391 9874 7870 6506 1543 7189 4626 598 784 8598
25 9220 8702 7520 2539 7352 9641 940 8522 4116 2048 8807 5820 8623 6515 6597 9334 7174 2227 7960 1629 8592 3236 8456 5571 2977
25 8251 8643 2262 7932 6226 6084 1759 4168 2481 8531 8498 4117 9512 1911 4120 3007 8460 5023 3955 4524 1515 218 7534 8067 5821
25 3801 5186 9697 2953 4085 9425 8884 758 5555 1648 2903 2081 1404 5201 9297 6625 1842 1231 467 2450 414 6798 7946 5914 5913
25 6621 3509 28 6826 1509 1488 4381 5797 5443 1846 1159 5013 9877 2456 2370 6037 6307 8368 6448 3364 2745 2907 5634 3501 5062
25 6467 7328 9276 7648 2068 1974 2309 708 9580 930 6662 7297 2635 3822 5380 2060 1518 5859 5322 3393 8335 3929 8142 9828 5138
25 5490 2462 6313 1874 5533 5254 7009 5454 4688 283 8726 8935 4437 8083 6666 2869 9323 4216 3351 3831 4684 7234 4068 9686 8819
25 4810 7447 8932 2941 4445 8869 9171 792 2286 3744 7921 6160 7974 4827 1740 5063 7415 8510 1792 8053 1366 2762 6698 8240 9798
25 164 6914 6187 4443 5319 1638 9969 369 1027 9296 5840 1931 7104 2924 9803 3325 9727 1608 9708 487 8426 2118 7748 8601 5813
25 1216 2983 8188 9277 3439 411 3561 4167 5695 5557 3565 3781 6030 6974 9853 9684 3784 5838 4377 2786 9781 3904 9135 5717 3848
25 4054 378 4273 5047 7788 462 9664 5660 7887 4594 454 6735 985 9995 1025 3490 9272 1632 9228 5043 6419 9662 2772 1642 1744
25 6131 8741 9573 8358 1927 7619 229 5065 2559 2920 3601 1963 1671 2448 2634 9738 3914 7761 6299 9203 7085 3993 6576 5479 6154
25 7563 2367 4685 1655 4076 8225 9396 8217 4902 3133 3991 4570 9556 4905 476 189 412 8157 5597 7876 468 2543 8105 9548 5653
25 6365 9626 917 958 2660 6085 223 4522 6930 2737 9036 6381 2189 3309 5396 1751 2669 18 8036 3874 1054 7202 4500 1387 4948
25 3213 4316 8946 7144 4971 4892 2542 1154 7026 7792 5946 7580 3170 7547 6964 2760 9892 1612 6787 7478 943 8566 7471 8441 932
25 7133 2141 88 7743 8300 3467 3452 935 2526 4936 3627 6442 9095 689 974 269 4025 6543 8719 8443 8554 8119 8127 4448 6378
25 8683 9032 1448 5970 9713 699 4014 2878 7423 7485 5092 9307 1104 3739 4123 190 8928 7480 8287 8176 8110 5738 8224 6669 2767
25 8718 6070 4363 5281 9363 721 3967 8737 8033 8479 8409 638 324 8154 2934 2425 7591 2827 4359 2608 3162 4931 5417 1473 6349
25 7536 744 8029 7975 9423 7929 1084 3825 2674 1309 2302 5683 3451 4034 5053 255 2281 8774 9789 9674 207 230 4065 7552 5475
25 2018 4593 5217 8180 390 357 2199 5341 9352 8520 4132 2645 1893 6676 4290 3367 5192 9443 1894 328 9344 9617 3229 4580 7962
25 9158 8200 2364 408 8835 8102 3094 3981 9964 4843 3446 9046 5447 1085 2942 1254 4897 4832 1116 4264 4857 477 3615 3294 362
25 9780 2050 6624 5090 8882 592 7577 6024 1162 1981 182 6824 9769 872 6435 1559 6747 7165 1479 7350 4060 6873 6475 6988 1
25 9657 8548 6588 6654 6135 5751 6731 6406 9822 6591 6705 7531 6658 4871 7335 5607 729 2353 3942 3404 4975 5115 4958 2695 1582
25 7267 2080 2596 1548 7865 2156 9900 957 1764 4094 9625 3157 8012 225 9928 4671 2686 7463 8851 8022 7695 9000 4542 179 2166
25 1215 6678 3935 4218 4968 6090 4491 5147 5051 7777 4479 9319 6217 6302 4653 1382 9383 4242 9791 4828 6917 7879 7725 2325 9609
25 6055 8227 1789 5902 9565 5425 6504 2487 3004 6567 1778 6184 6136 7400 5289 2202 9357 6107 1813 1857 340 9497 8115 3159 4984
25 3721 4659 6060 6660 6212 8564 1232 7238 1771 4627 7301 6821 6383 1547 8980 642 8524 6905 7311 8404 7346 2408 3199 2504 3536
25 2316 4092 329 5080 9015 1814 7370 9155 7099 1427 8298 2909 1161 1604 7150 4514 3755 1082 7366 6372 9722 7533 4231 8839 1670
25 6281 5643 9400 9667 880 4020 2234 9649 9405 5588 2725 4817 6582 8541 8475 9856 2098 9065 3540 6681 669 9706 5301 7319 1879
25 4673 7176 6272 413 6671 7967 4748 4887 1219 3629 9213 7688 8660 2239 8031 6991 680 9554 3129 6405 3298 7530 2672 5943 1546
25 6353 2332 8971 9773 1256 1517 4459 659 7077 4288 1965 9145 1292 4727 481 9947 6083 9494 344 6774 9528 2127 2574 8557 4773
25 7460 5054 1126 9800 1406 6125 8387 6544 591 9026 6553 7573 330 7272 6788 2264 9341 3280 6479 2773 6057 5828 7707 9574 1325
25 539 6241 1982 1887 5354 9628 1777 4372 567 4227 522 7753 2729 8378 1447 2611 4954 9105 4859 5111 2174 267 7330 3077 7678
25 7146 6005 5423 4222 3669 1895 6814 970 402 8399 7016 1821 2206 4690 2793 7628 3754 5009 3859 7905 7263 8403 6164 356 6274
25 8395 5520 7309 2800 2659 9188 5451 9271 1537 250 2438 322 1381 5082 1653 6712 2938 8340 4752 2727 1793 8657 907 3064 5382
25 355 6559 1878 2360 4463 5697 5808 9901 5757 6549 1225 3084 1665 9937 4519 7871 3485 975 260 6178 9376 4183 3504 5056 4811
25 3795 2366 7160 4292 2616 741 3057 9643 6649 2190 3882 3949 3249 6865 7681 5207 991 2131 7988 3389 7230 4762 652 1866 6521
25 5908 376 8282 8661 6196 9807 3029 8322 3263 1630 2061 7466 7015 1667 1570 9035 2928 9623 2871 5489 8254 1285 9041 1590 5384
25 3515 5121 6927 1484 787 4431 9849 6688 6820 1031 9324 1733 6336 4577 2452 3985 2108 1910 7283 1902 3676 4590 837 5639 9021
25 3694 4723 683 3388 8902 8108 1544 1918 4129 3597 2986 4517 8708 2962 9218 1674 6244 1165 6112 618 5528 3207 3810 8716 9392
25 204 9474 9467 895 2582 1141 3415 4918 4842 5586 56 9080 4909 7418 7672 1577 3355 1472 726 466 4489 8263 5640 615 6910
25 396 1905 6663 2398 5517 5980 9172 9170 8292 4569 4506 8281 2765 2039 4027 4495 9040 9165 3577 2575 7498 4011 7784 9214 9569
25 9919 4610 4028 5888 1419 8608 6211 1414 759 3347 9511 6511 4982 7903 4801 6536 6100 5180 7102 822 4070 849 6314 3715 7194
25 4074 5991 6801 647 170 2671 4718 332 1804 4706 6931 3760 9103 1352 5228 1600 3471 8528 1920 8495 6693 4329 1555 8448 712
25 446 921 6934 4583 2188 1168 1420 3921 6179 6216 8826 4831 5922 1240 3123 5805 2427 5028 4375 4436 358 9991 8184 4403 8345
25 8087 911 9939 9600 6525 3802 4633 7262 3658 9829 6577 2637 7893 1901 8488 7521 959 8696 3010 3957 4156 8837 3751 6516 3767
25 7833 3560 5661 6977 9675 5388 7324 1603 691 1803 6021 2833 7710 7068 4143 7184 1248 509 496 4481 9523 3429 9379 6936 9579
25 4624 1476 5835 5947 3026 168 9488 929 4667 5879 6603 3484 2062 6928 9163 6484 7420 2498 6407 9122 7054 9558 2053 2826 6793
25 4189 1172 7968 5979 1639 1221 9815 1330 1061 5627 521 4197 8008 640 3743 8172 4621 2628 6329 2323 2223 1189 3421 4941 3729
25 9742 5104 4265 3223 5416 665 8669 6916 5685 7939 2386 1288 9204 7410 7390 4642 22 12 1640 845 6498 4357 3529 1421 8231
25 9540 2027 6808 1728 5935 5791 8396 2390 5507 5256 7845 7807 8847 9818 8572 4728 195 5237 1072 8930 7789 6687 833 8111 3246
25 2193 8622 7557 5311 4852 2279 2497 280 5412 1478 9572 335 8814 5829 4694 7313 4370 884 9879 5242 1996 354 5526 1190 7813
25 5758 8145 5221 1046 4807 3938 7240 9222 3106 9543 1819 458 5247 1528 7005 9143 1977 4555 9345 3791 8104 4588 727 1331 8394
25 5794 8206 517 9524 6884 8246 3853 9147 1627 3562 3018 2656 6857 2252 4830 1121 5465 3148 1354 2078 198 5589 5770 6321 1411
25 8248 6172 2993 3599 2091 1096 8339 9215 9452 8382 6339 8712 3717 6027 810 2483 59 4676 2458 1344 7084 3296 1944 3898 5815
25 8150 3472 6922 9615 1760 7517 3113 1945 366 3050 5527 9182 3085 4462 4997 2372 64 9813 1924 313 3151 5197 5508 9527 7376
25 461 7923 1597 3058 8586 743 5016 9264 3102 8929 2391 4988 7188 1278 1177 97 8759 3144 6235 5288 5745 6315 5126 1530 6644
25 7817 9166 9630 316 7255 9399 2183 5146 8970 1985 8264 4607 2679 8450 7766 1138 7936 8269 8747 37 1276 8304 6818 6755 9109
25 5136 7621 6264 4243 3042 761 9796 3394 6817 9289 3276 5834 2842 5415 9863 6494 7083 9086 5915 2297 7170 1343 1307 7918 5858
25 6207 2000 4768 2415 8232 2037 1214 8697 3030 4307 1588 9029 3734 7583 844 9704 1353 8990 7812 6638 878 7417 499 6509 984
25 2269 9265 9638 99 187 3011 1607 3326 7764 94 5516 6437 6447 5204 5814 6401 9282 5787 8116 502 1914 9481 8220 6200 5891
25 6530 7900 9552 5401 4407 8685 7287 7440 1460 4192 7098 9496 5408 5936 7885 5706 8678 4367 571 8501 2218 9348 3539 9429 7940
25 3868 3966 7562 1446 6165 4254 5291 3517 1131 3609 4999 9946 667 3876 2620 9646 4969 2276 4993 9478 3595 135 2527 7317 9997
25 5898 1660 8960 5711 4284 4793 8866 5869 4780 2042 1941 3116 1862 3103 9051 3578 9589 1143 8742 1136 9047 8262 5081 8297 7671
25 3733 1342 6122 8555 8461 8924 9052 436 1308 8926 7315 3331 4045 9855 2927 7251 1490 8830 3596 3209 8512 5957 1378 8121 3774
25 4298 8739 3519 498 6086 7257 1166 9635 1873 152 1236 2277 9613 566 1710 2017 7380 1300 140 936 6473 9038 5004 9159 8397
25 6692 3731 3521 6369 3590 3677 1180 7747 6573 8616 4750 5689 6038 1099 9074 3082 1822 2845 8703 3405 1150 2420 5506 2173 2480
25 81 4757 1595 7497 65 8973 7365 1243 6326 9267 4604 2120 2249 5809 2336 2730 5030 9339 4700 5673 3387 3253 6971 3188 9231
25 2400 4212 5014 806 16 6248 2627 5998 8040 7426 1576 9003 931 4145 3189 6078 1746 2716 111 3254 8434 2113 2116 2887 5284
25 1209 4730 9308 7120 945 2991 7035 8653 599 9482 3845 7827 7843 7674 1090 4740 3025 3167 5268 3303 611 609 8285 9981 4476
25 9028 2330 6892 2795 6915 200 2399 5270 796 4697 5124 9138 2208 901 2985 1047 3380 24 7976 8755 8833 6876 2051 1780 6547
25 738 8672 440 5212 9531 9408 6920 4701 7414 6214 4235 4545 5726 1618 3089 5887 7474 4062 2702 1499 8817 674 4547 8123 456