29 466 6142 4462 4962 8350 9652 6022 8498 9162 7802 9597 4578 4702 4535 6136 8453 6706 8023 1302 7387 6701 3279 2941 8469 8514 6897 8764 6838 6443
29 4032 5671 1204 4601 6858 9731 2951 3071 8979 7208 934 6552 4629 6152 1754 368 1473 6003 7968 1181 4454 3820 2815 7050 7302 3932 2115 4112 2265
29 9307 6122 6504 329 7969 8950 1647 6609 4827 4782 1182 9616 3273 7286 3702 5821 8015 2698 4736 5944 8474 5752 2928 1001 4876 7421 2777 830 2290
29 516 9329 5974 8399 4354 6275 1412 8093 398 5408 2493 3989 7126 2181 9740 779 9173 4934 1567 5930 7826 5946 3987 705 3066 3349 393 790 4763
29 5956 4075 6324 4583 8379 5356 4486 533 4647 9395 7917 1308 6242 5647 568 3509 3017 9736 2468 3561 6257 1192 1616 8002 2098 2765 5411 9701 5848
29 2634 9267 7105 3225 2775 8441 9048 5813 9455 5057 2686 2358 7962 5883 846 4037 4239 1410 2568 1068 4086 8381 6150 6577 7481 4948 2428 195 1838
29 2953 4016 4985 24 4276 9325 9075 5441 4135 7670 8641 6338 7160 7465 2102 1544 3886 7075 8613 6970 4866 5272 2083 2212 1329 3105 3821 7264 6144
29 3578 2947 8289 5255 4902 4425 5853 2625 3177 3570 2930 5959 3721 9710 2997 5570 5079 3381 3922 3790 5213 399 2512 7683 1515 592 9357 2988 2014
29 3171 3939 7495 9601 4222 3250 1857 5753 2352 4374 2000 9429 4117 9899 3614 1014 2833 543 8882 935 44 2144 9955 8565 5205 4771 5396 1103 8352
29 987 9086 573 6572 7630 7413 7760 4740 9819 363 8334 9204 3735 9606 4321 3093 3012 8909 8248 680 414 3295 3377 8817 7370 2586 1024 1279 4052
29 6215 6610 5750 9602 447 5435 2234 4710 1235 1978 5810 2963 6434 6119 8045 2130 958 4874 3145 6461 577 1094 7899 7077 7448 2490 3142 7950 5915
29 9389 4401 2899 392 2028 6847 2713 782 5784 3909 2875 6550 9702 7521 8440 569 2975 1854 7734 3290 8481 698 6315 974 6118 4334 6221 8452 4483
29 6071 9523 3817 65 3294 1332 3247 3953 5092 4 898 6944 3361 8610 7131 6540 8860 940 4533 8616 3432 4748 2409 3631 9101 970 1185 8784 2391
29 7780 4783 3234 6127 5620 7175 100 5568 7925 4347 7519 847 649 9629 631 2969 9754 5016 8826 8632 8843 7876 4151 5601 4020 800 3598 4034 5852
29 1126 8643 1020 2644 2235 527 4203 3501 7409 1206 3152 7297 5357 4666 683 3738 7483 474 7978 4506 5431 87 3858 7155 7110 8844 4296 6653 7100
29 4243 1788 1525 611 9699 3902 8305 1229 1252 313 9526 4329 7394 6038 9278 445 834 7378 8994 4494 2142 8777 2842 1903 4904 3291 5019 2034 6810
29 8489 7263 4709 547 4741 1479 278 9143 3978 6436 2499 5369 253 2513 1378 2465 7288 1656 8935 2147 9934 9844 3660 3708 1918 6380 6846 4800 306
29 1724 5360 3581 4714 9563 7169 7853 7793 9546 3815 6628 7231 2282 8969 9418 6172 3488 9502 162 4272 6735 4725 964 5432 9312 6979 9239 4861 8196
29 5964 2948 7588 634 7116 8697 9163 7118 7255 6023 2573 126 3606 8796 1670 4045 5845 4767 1676 1273 1987 2342 355 5318 1926 5800 1589 1633 8602
29 283 9891 8437 1277 8849 2173 9358 9746 79 4351 7577 5926 5239 4342 621 4182 8647 5835 6674 4403 8053 9974 3791 8375 4341 1260 1951 1288 7612
29 8982 4130 7099 3754 6189 5595 1460 2247 4921 5447 7946 1336 8666 9187 684 8236 8396 1580 2880 3202 3745 6659 6209 2089 7240 2542 269 9044 8009
29 5629 4572 2905 5363 5018 9316 1735 4192 9623 5770 3619 755 6585 6083 5854 4605 4139 3557 4294 6800 6437 8971 1592 255 7453 8908 4716 4561 1905
29 224 9604 550 5893 8200 3408 8973 532 8619 4011 9270 5247 5236 7843 1806 2456 5630 350 8365 978 4512 179 2367 3014 1694 8157 1776 6866 7563
29 167 160 3305 491 8238 3991 835 5135 1516 8069 7565 8402 6194 7432 6352 7758 4178 3122 2390 9951 6061 7629 6500 6919 7641 1884 4429 1066 7553
29 9177 7430 3335 2943 783 9461 1416 1183 8097 5321 3079 63 5036 1098 6700 4104 624 739 2444 2216 9150 9903 424 5160 7851 2861 40 2191 5695
29 6284 861 6729 7047 8202 4419 7551 4811 753 9021 2754 1986 2133 6529 4653 741 3992 7397 6081 3834 6052 390 663 1693 4191 7546 6734 6074 5383
29 1366 2003 949 1909 6691 197 7017 3479 9983 492 2271 4520 9361 6954 8062 7411 841 3929 9806 5225 7140 9146 1673 6463 1495 1421 3836 3191 9925
29 6595 2871 2340 3089 7621 640 9433 7176 7148 5414 9961 2672 7013 7420 230 7685 3940 8347 965 5113 3710 5761 2671 8180 2912 7139 2703 4481 345
29 1073 6555 5577 1413 6521 2989 5393 8073 4471 8526 5608 7472 1503 1885 5105 5319 8066 1453 5378 2658 7958 2170 4698 9564 5111 6999 2904 9304 2702
29 2135 5874 8916 5905 8511 9256 4209 1929 6675 6351 7821 9226 3296 4912 9106 148 8322 1897 7404 5546 9262 2604 6559 7909 9945 5997 5155 1636 2641
29 7163 5802 7185 3205 9102 6816 2420 2029 3608 6250 2293 5083 9918 5454 5273 203 6270 3343 4703 3554 7870 1362 4161 487 2600 7498 6968 8674 436
29 7694 2362 4513 4087 7437 2679 9670 1385 1655 3841 8962 5055 6476 9015 3187 8470 946 9225 1674 2929 2438 8403 5063 3458 2592 6966 7973 2355 9704
29 281 7796 9121 5254 6854 9733 3003 5252 8475 3431 915 7979 1661 4265 1246 4456 5493 8293 8539 7912 4228 1880 4460 9382 3044 6712 4622 9506 7312
29 813 1684 9875 5781 1392 4061 6086 2526 865 8237 7303 2091 8943 1161 8487 2729 3271 7234 6670 773 8892 9061 5978 802 6247 1766 504 4244 1493
29 6224 3268 4801 9363 1349 6359 4225 137 5488 2030 2461 2991 6341 5722 7191 9767 3965 5567 3096 5499 1825 8954 2394 7581 558 9269 2716 4935 2114
29 9025 5440 3948 604 7674 335 4220 6294 7377 4665 3674 7626 103 6569 5103 2294 9406 8003 5417 4491 7949 9865 2422 8659 9391 5884 2269 4095 7373
29 1215 4706 5131 5350 8482 5416 870 9231 7200 6424 3196 6056 1740 4956 6139 5616 1202 8998 2918 3915 9491 4332 5068 9328 2528 217 7038 976 5485
29 3358 5178 1981 7273 9635 3521 7150 6661 2921 4224 1388 9823 5540 2171 7592 9779 7794 4409 2832 775 1652 1672 4382 2816 4981 607 827 7883 4713
29 7190 4074 9107 4539 5691 7783 1467 93 118 6202 6724 4392 6859 2576 7458 3100 5988 8751 1944 9969 2153 353 171 7021 9159 2504 3170 4745 9683
29 9488 3473 4704 1513 3274 5901 1959 6581 7444 3454 7134 1657 6114 5787 3616 4603 9394 1164 1335 1310 146 6616 2772 942 5768 9166 6039 8315 2361
29 6055 7648 5625 2387 270 7350 2262 9836 1558 1263 5504 6678 64 9350 2994 9758 2022 2517 9794 5395 8316 6759 5422 5210 3703 3502 8589 2751 9436
29 2742 862 7484 1135 6430 7918 1375 538 404 4926 256 1632 319 614 2264 8772 2926 3736 8675 9783 2613 3772 1895 1863 1671 3707 1808 9103 6375
29 6771 7867 7840 3322 2254 9494 2846 7327 1025 2505 8582 545 6467 8576 7054 7352 5822 1011 1750 475 7984 2745 282 4041 7205 996 587 7701 4799
29 105 8678 156 1426 6787 8823 4260 395 2032 9876 5090 9867 5552 2726 2894 4120 1465 1712 9569 2725 7501 8013 21 2784 8915 2852 3907 4656 2426
29 6190 4731 91 320 7775 8615 260 1191 337 6510 760 3478 3397 635 8528 2639 7184 731 5824 9077 4662 5138 7398 7074 6104 941 5683 8491 5340
29 2893 1615 7433 121 9127 1000 3565 9005 483 1423 3362 7999 5609 6965 6307 1583 7971 1363 4080 3544 8338 1711 3224 7471 4349 9210 8132 9774 8456
29 39 3687 1729 5233 2148 6868 3767 5133 702 5898 4680 4055 1928 8864 1203 1565 9960 7460 6227 8201 5267 2767 5235 7213 695 3154 7859 502 6217
29 921 9716 8027 8332 3650 6807 3961 1850 7022 1067 8037 6642 1110 3075 2139 5907 8275 6097 7114 8883 333 7834 950 1010 9638 6842 4053 3028 7225
29 9658 5602 891 2916 1242 8501 4204 1353 5348 7480 1790 6301 8496 138 3666 5080 5073 2100 4569 3780 9910 2113 2332 139 1197 9995 169 451 8092
29 8680 9578 8277 6440 2301 2544 7728 6474 2680 5594 4633 4282 5038 7929 382 4293 3269 6964 2590 1947 8151 5566 8593 4369 3272 1173 9946 2788 646
29 5028 7706 8792 9835 2559 4458 2466 7429 325 6755 4048 9586 6435 1572 3810 3427 594 9998 6707 1063 8652 5459 4431 6102 9476 7230 8048 5872 7177
29 567 1768 2104 4851 511 3283 1733 6955 5645 8776 1796 2416 9822 4098 6182 6225 7561 6335 33 8555 2530 2033 8871 3419 1232 1338 1035 6953 4264
29 6492 2879 2413 5387 1419 6044 5780 8756 5464 9799 41 441 929 9840 7111 6385 7278 216 6565 6096 7616 3041 5362 7311 9693 9615 7567 6312 4594
29 4064 4022 7747 9011 5461 1153 4445 7983 3760 6418 2709 370 4033 597 2045 6679 129 7294 1092 7980 5551 2402 6347 1169 7043 1834 2392 4612 856
29 6002 2690 7739 4726 3899 5993 9722 2485 525 828 30 4295 1331 7688 6377 8435 6195 4210 8631 1881 1666 608 6344 7580 5510 7609 1070 1804 632
29 1743 5244 5830 5031 685 1756 7522 3529 8383 7654 8301 5050 952 4581 9388 904 1125 2551 4274 5763 2548 1731 4432 4711 3127 2469 4608 5227 7744
29 6727 3303 8715 930 136 7271 6852 9126 5442 225 8890 1371 6990 962 4951 389 5095 4406 6234 1556 4197 5707 3299 7819 1474 1772 8227 17 8206
29 5304 5471 4259 5731 3395 5191 5916 3442 5300 1953 8344 5482 9483 4556 6995 5283 8692 651 3630 2687 315 7375 66 7627 2518 4103 7325 7830 3572
29 6280 5665 2004 1510 9859 3366 1701 3838 2827 4897 8797 4958 9538 5991 4769 2351 1508 402 3390 7355 3384 6089 465 5470 5990 3310 3051 5754 3535
29 9545 8095 6688 6452 8703 1424 2800 8847 8970 8608 3700 2619 444 9375 6431 5961 1555 198 8079 6781 8566 537 8216 6778 2018 6589 5936 2075 656
29 8101 425 7142 4766 5187 7196 805 9675 9178 7030 1043 6047 2146 3005 1107 2169 7759 7053 1199 4233 5076 8627 4379 1261 5161 349 2323 3783 1143
29 1939 8036 5942 7466 8708 3665 7237 2313 1157 3828 458 8014 5486 8427 4979 5243 8965 3493 6009 968 6125 5261 6895 5147 9479 4591 8410 6465 9877
29 8976 238 2211 7795 2093 1604 310 3869 2105 8993 8953 8505 2175 9560 7203 263 2373 2514 9449 509 2209 1561 1599 9240 6930 5849 4724 2527 4504
29 7109 6751 8728 3006 4457 4252 812 2228 9260 8386 2325 9211 2308 9111 4155 2082 2334 410 1104 2546 9247 6068 890 887 5582 4939 2031 5195 7620
29 8983 8205 9848 2874 6920 2566 4554 1682 8862 6350 2903 2419 3724 884 6822 2850 1547 5250 3194 7731 6911 4122 4994 7168 4772 4400 4789 5579 57
29 9184 130 7817 5605 3960 6170 2823 6625 6518 9841 9681 6115 1278 4303 1216 9254 3946 8803 2606 7081 8873 6251 164 1240 5777 143 9245 1380 794
29 2574 9001 3157 6834 9943 1826 864 2286 8846 4478 3399 8905 1018 8145 7847 2756 4128 8798 697 8724 1761 661 5713 6309 906 8679 6657 8515 9914
29 5173 1323 5739 7037 1645 7687 7887 8378 540 38 9370 2758 7357 480 427 331 4645 5170 8638 4793 5634 9507 4678 5844 5564 2421 6484 421 5549
29 477 5365 7164 470 9334 923 3061 9981 8118 7805 3549 5518 6260 1678 5825 6236 1296 7904 9926 8007 2061 4919 9042 1166 2215 6602 8294 9873 1032
29 4613 6296 3536 4663 1908 4914 8968 8766 2771 5107 5368 6627 9952 789 2354 3098 1086 4679 7797 6543 2427 9090 1713 2374 979 4818 657 2199 4145
29 853 9214 1027 3037 6148 3844 5856 612 4588 666 4636 7181 2675 7537 5041 8795 9338 5284 4906 7803 2561 5923 4196 8142 6851 7671 8667 8231 8135
29 6428 6689 4472 6762 6554 2618 1179 8046 2051 1175 4890 9727 7564 132 5785 5809 4078 8714 5668 9230 7860 7128 6062 2656 956 2020 9499 5947 3369
29 3032 7006 1257 2632 879 9772 7198 4105 9790 9012 2073 4833 9213 8288 6695 7722 8158 5406 2780 6606 4784 1529 298 7583 3301 1662 8819 7486 8426
29 6598 3282 5496 4750 5382 266 9195 3648 4050 3595 5026 6733 5045 729 6498 6886 7178 8254 5766 7761 2227 2180 3973 276 2408 9130 4323 8283 2236
29 4780 5798 9311 3243 2631 1081 9138 6137 8175 9654 2732 9125 505 8042 2714 9041 9982 8290 4246 8390 3494 9145 5708 1093 1209 2353 7500 2841 5264
29 5760 6321 3048 8134 194 4553 6775 9657 2299 6191 6715 3568 7865 6371 3967 7730 8769 2176 3831 4106 7718 1221 1128 4236 3125 3795 7677 7290 5764
29 9696 2516 8625 1845 8835 9349 8439 1256 4688 7790 5680 5140 7382 9965 512 9076 3625 3085 2763 5604 4137 1877 2097 4206 4768 8319 8956 2694 6650
29 8273 3226 902 880 7858 3258 1849 3022 6731 908 3062 3719 6318 7452 2744 1812 3706 6806 1052 8460 8748 6133 6877 6818 9341 1315 600 4803 8400
29 6509 5201 8221 876 8532 7711 3870 5656 3474 1823 3297 4762 72 5192 3280 176 3371 6922 8041 2853 5965 1137 8516 2010 1584 7765 3307 7478 2536
29 9233 1505 4043 7603 4744 344 6962 311 346 2043 291 2624 1901 721 496 1635 5186 9820 1280 1532 1150 8563 6397 1101 5517 4673 3748 3200 2863
29 5477 9475 92 3942 9889 299 1610 2840 9028 1977 1075 1368 6869 1381 713 6655 3332 3845 3166 2026 1409 3680 7477 430 7246 6079 5478 9610 8924
29 3237 799 1196 1415 1489 7306 3470 2678 8123 6641 8930 9718 4443 3954 75 2820 5786 9104 6831 8713 3256 7697 8359 4370 3065 7532 8787 4389 4892
29 851 7750 718 3851 9579 6906 314 7910 2024 7754 5159 4964 9456 2523 572 981 7402 2372 9662 4927 5748 5655 3373 62 3843 7692 7597 1602 5027
29 9766 1859 7905 3131 5421 9621 3729 4813 9592 5638 5537 1121 2055 6493 4705 5868 9838 4372 1163 5112 8669 6041 3712 9527 6711 9853 5931 3787 1817
29 347 4758 254 1649 5070 5712 4564 177 9956 7930 4079 7875 6285 7092 9426 8094 4615 1347 5260 8362 8187 6835 4655 5742 7080 5040 7338 4001 725
29 7776 5519 5297 4885 4376 7316 2445 5277 3456 7374 9376 9039 5153 4580 8404 3642 6024 3024 5939 3757 6004 8090 6748 7366 7907 8820 3242 2129 4865
29 772 1752 722 7060 8203 8913 6235 8369 4102 6637 4864 671 3392 7052 5533 144 68 6402 7861 268 463 497 9427 5154 7115 3562 8813 2012 3997
29 5705 5134 115 4176 9598 4357 1975 6308 7061 6536 8689 3921 9117 7986 5842 7778 1114 714 9253 3095 6447 3866 582 2369 1276 7199 9631 9490 1702
29 1809 701 1658 1184 858 122 1719 187 8086 4901 8412 6131 3387 9542 2776 2724 9503 6630 2149 4345 1425 7008 8454 2441 5352 3195 9588 7903 181
29 4776 5158 4995 9359 652 3104 9287 7825 7709 6870 2260 2365 709 6784 5740 6013 202 3588 6207 302 3998 9541 7277 8747 3523 2718 2037 9787 4040
29 5924 1594 514 8133 244 7268 5165 235 6141 6665 5039 2375 9249 6915 2545 1253 4160 9627 3214 1709 7880 2057 8284 9129 7257 5681 4499 157 151
29 7003 7159 8218 3670 6105 5086 792 3039 3563 8471 4755 8105 13 4742 1894 3711 9513 7509 1954 6855 8445 5878 4604 579 9839 4790 1370 9539 5828
29 3508 8174 5203 745 2405 8372 6942 6967 3573 8056 8164 5312 5046 4631 1499 1940 9508 8786 1952 8822 3323 6000 4584 1391 272 3770 4527 7885 5143
29 1357 9674 6248 7665 7656 1418 5167 5527 7132 8038 7943 2933 4677 7589 2339 3837 2769 2383 5011 4999 6155 6728 6683 5588 5316 6767 1007 2746 5516
29 8342 4882 6198 8262 8323 6801 3567 3002 6166 7376 9923 7647 9031 2531 4154 9661 5048 9305 9284 6739 4559 845 2007 7492 1065 3655 485 5558 9559
29 98 9074 2415 1292 8178 4557 7102 874 4606 5505 2836 2312 9596 7906 9834 5128 3236 1295 6323 1469 3691 5976 700 3617 5399 6311 407 4278 6361
29 2245 4959 5897 2053 127 3850 4971 5331 5714 7771 5649 6591 251 8944 6717 1803 8116 4900 6339 7392 6035 5174 7120 1506 7456 3854 2219 3262 6513
29 9236 650 4476 8117 3460 3219 7124 3904 7180 1434 1284 3499 2809 2906 8951 4124 2945 5528 6817 2296 4552 6753 1614 7247 4008 6384 8251 4006 307
29 1285 1019 7363 3327 9366 4271 3388 5305 2779 8711 446 6120 4338 8387 8476 1298 3647 3465 3769 3148 3231 4643 2440 4739 9871 6179 3378 9679 4819
29 5327 8901 1390 1049 6587 8949 6372 7014 2449 1146 6668 7485 7239 1654 2009 8654 1319 2121 9620 3718 5996 8168 1593 2735 5870 5130 6231 9300 6204
29 6263 5574 9030 9792 2996 4142 3947 1764 528 4077 5200 2187 8425 2203 4286 7441 7019 975 4377 5062 5839 5010 5873 983 1188 9664 2071 3468 4982
29 4029 1575 4566 7557 2616 8899 1195 1851 8211 1442 6721 9501 4319 2331 4853 9776 5342 8937 9487 5024 3251 3587 31 312 9167 4010 9971 1061 8770
29 5298 1136 5289 5697 9403 761 9938 2501 9065 3859 6077 2537 3740 1739 3270 4683 1484 549 433 7293 7298 6289 6501 5265 3059 1145 2470 4621 3330
29 6304 4753 7469 6882 4301 520 9046 6444 6857 2956 896 364 2086 4797 1777 932 4728 7542 9613 2773 7952 9460 239 408 1211 9073 1080 1480 882
29 7877 2689 5987 6123 8450 6996 6845 8374 1446 9520 4973 5940 7487 5059 7544 7197 3043 7280 4440 7998 495 4903 6815 4459 4026 8130 3035 6478 7260
29 7966 2960 7192 8876 7954 180 9136 6128 5263 3628 1738 4508 9942 3594 3146 6111 8444 5386 6095 9437 9611 25 8753 5767 1784 6719 3895 4498 3042
29 7850 3045 1659 8057 5658 8181 8752 6029 5789 6538 7384 5633 7872 2016 963 1786 4364 8810 4164 7653 7863 1158 8295 2151 3847 3339 2074 7094 6651
29 5034 9763 9504 8829 3016 8081 3510 2346 4199 3926 1466 4149 6291 7323 9056 6723 7672 7684 1498 2706 1613 4924 9883 3823 5847 4965 8414 4624 9551
29 3668 9113 1937 172 8541 3901 6531 6054 252 9984 2844 6623 9122 6511 9386 4722 5600 9872 9821 7638 3257 1540 3794 9888 9571 5702 6640 4786 7219
29 7956 1778 3159 6042 5234 3657 2172 7130 912 4646 4310 2503 9124 7663 4373 6808 1892 6621 911 995 1148 8664 3789 1747 3504 8446 1578 2949 6593
29 7804 4287 8341 2231 1038 5069 6644 5886 1551 6890 4111 123 8302 6943 114 2887 5042 3321 5462 9352 5072 4889 265 3084 7183 5650 9068 205 261
29 9055 5084 3315 5151 168 2050 4770 37 5349 6908 9198 2202 1585 9653 5345 8083 9558 2704 4957 6241 1996 7410 7651 1842 2317 2708 8100 4723 5871
29 9715 2096 7463 909 6925 3068 3531 3259 1867 9531 1560 6584 9614 8573 9509 2976 9851 7076 542 77 7283 8089 4648 6406 5307 9963 9393 9775 6395
29 5827 9537 690 1611 5811 6145 8606 1109 4071 228 9228 7367 4315 5700 426 1883 9901 1187 6588 3950 3346 1496 3525 7188 3447 8245 2184 4676 2280
29 9874 7405 7820 2205 3785 9244 8553 2058 5573 9647 8500 7570 7108 4671 6523 5376 3452 343 10 3517 8219 3113 8611 9496 3951 948 2814 6612 6556
29 7945 7528 6199 3903 3571 3975 7147 8681 5514 1265 5271 1259 717 2828 6159 9939 8926 4211 8668 2885 3872 3124 4212 8987 6065 9324 7536 7476 3405
29 7309 2253 3747 8126 9313 4619 249 3391 6393 8449 8055 8072 3840 2244 5920 8604 2393 9118 5033 3733 9510 286 1795 765 3108 3333 903 3941 768
29 6951 5513 8103 6473 6904 9396 839 1512 2810 9550 8815 2095 2124 7282 3560 4421 8742 8329 9735 6045 1017 2884 562 2081 6205 5654 5819 2783 5972
29 8143 7908 3404 240 1171 455 7848 3813 9991 1006 9206 637 2642 5322 5182 9098 4378 5581 5299 4019 4129 131 46 5885 3293 3128 4441 2593 6894
29 4600 7888 2683 394 6261 7079 7068 1321 3964 688 2368 3924 7738 1737 7129 1355 8921 155 7512 6888 6520 7335 1029 4430 1149 3781 2417 4886 16
29 1519 9407 7189 7146 2898 3723 5593 3627 8584 4215 5779 6193 108 9644 5419 3912 2821 3001 9830 2287 5293 5403 6340 6743 5145 8021 3469 6977 814
29 3690 1557 7122 2120 6840 7914 6646 8816 3600 4230 2397 8686 1665 7571 4642 6264 4855 8242 3114 9741 6705 5275 2041 5375 6987 6553 3877 6299 2242
29 6469 3263 8068 1118 9385 4238 9552 2412 5544 296 9441 1267 8872 4838 9989 7708 9815 1844 7831 1117 8732 7042 2118 8607 6813 112 1753 9161 6043
29 2190 9706 3008 7818 1306 5407 2225 1591 5850 3786 8621 8791 5999 2649 4548 2195 9643 2381 7857 7249 3849 4993 8144 257 3592 9190 4626 2766 9781
29 5280 9321 8463 4691 6671 3486 1792 4597 6522 4761 8022 9977 174 4000 4618 2316 1405 4257 6173 3491 2954 2957 191 5980 6446 3232 6459 2447 6865
29 4845 5857 9686 80 5008 1683 4863 7269 3685 7318 9600 578 1364 273 9035 2539 2208 8960 4148 1476 2831 9139 237 5948 9322 5979 9371 4558 4777
29 3179 1180 3741 6262 8124 422 3466 297 4051 6322 5791 5426 584 5003 4690 135 7186 3316 8147 986 2896 4685 1797 1350 4638 4879 3797 4667 6174
29 3081 6976 7151 384 1802 852 3602 8509 5051 8191 5710 3730 784 1891 2555 2682 7170 6407 7623 7970 435 8587 1339 5812 8373 4752 2532 5720 2795
29 3980 7087 6929 4013 6649 6777 9069 2851 3446 7214 8617 3067 531 8779 54 7619 2793 6533 4896 2607 2993 2167 507 1930 5208 3688 159 481 2
29 3115 6256 676 7510 7235 6076 4952 8107 2589 7336 163 8050 3919 7781 2067 7763 9445 8345 4511 2538 5734 7253 2986 6008 6037 689 3649 7078 6773
29 6635 4085 6959 9780 8173 9530 1681 5266 985 3822 7195 2950 3220 1872 4907 3176 4172 5291 2400 746 9917 3203 6744 3034 733 2594 4931 4189 5727
29 4219 5337 2717 7854 6031 7459 766 8371 4961 7031 8552 7997 2710 6413 9319 1218 3190 6093 109 5858 3818 7579 3833 8393 2251 1360 4575 4009 3046
29 1988 4387 1437 8575 8380 318 4399 6222 4418 5023 1305 6692 209 374 5457 212 6330 6063 4292 1201 5268 448 5125 9209 2077 231 9194 4099 9548
29 7368 5330 4465 8250 6392 3564 4444 2454 9732 3163 1568 6288 8433 9422 1527 1622 3883 1528 5867 9655 6619 4922 2062 2250 1485 8411 8268 4383 1917
29 1566 9514 1771 2267 3058 2748 5693 5799 561 5320 2796 6084 4530 1833 1002 2188 3552 8377 3629 2157 1190 5043 397 3288 9566 3882 9377 4555 6026
29 9813 8384 9972 3681 5074 6313 8743 6410 6597 7062 3426 8947 4216 9447 6486 1449 8684 4069 1244 6441 7913 559 2915 8885 2196 1878 7810 4258 6826
29 9543 3911 4639 4047 8851 3829 4871 7127 5682 8824 2298 8465 7385 1993 1462 4442 8052 8355 3117 3714 6249 2937 3853 7395 5058 5929 4632 9707 636
29 7774 8217 4207 289 3658 5908 2275 7182 2278 4449 7119 9497 3894 275 1865 6213 8941 9296 3944 6112 6386 3015 8385 4335 2036 1819 6776 9419 5571
29 5089 623 5545 4393 4413 9798 7206 5324 7065 3663 4384 5758 9266 953 9374 6988 2284 4132 3969 1997 1172 732 7488 7482 7893 3099 3482 4738 6367
29 8150 3064 6180 4343 2787 5797 7937 756 1441 3812 7667 5181 7419 5049 5270 9678 8186 9288 1841 7462 6512 4841 2261 336 267 4489 8614 6108 7931
29 5294 4253 4018 3475 4918 4412 8592 8001 500 3518 6238 5945 7762 3956 9850 8912 8919 3161 8626 917 8156 894 4159 5524 4408 1873 2158 2801 488
29 4737 6147 5548 8388 8904 322 3553 7666 9753 4447 3385 5804 3175 1021 8303 233 2913 5636 4587 8091 2693 5452 8609 1408 4289 4531 4660 6132 1085
29 2198 7782 5388 7705 5832 2327 4760 9053 6196 959 1541 2345 1570 2005 3222 1664 5887 9576 6360 6169 8586 6165 4464 764 133 1318 245 4113 3267
29 3073 9405 460 8077 3424 2326 5865 2300 3773 1931 6946 9595 5716 1741 4954 4625 1554 6401 5066 490 9411 9742 1074 8568 5100 3308 6078 2655 2886
29 1628 3750 5490 9281 9788 6853 4475 9589 9058 7669 7987 1026 5047 8651 7517 2013 5892 1282 7145 878 8854 3011 1998 5274 9803 1705 9810 2306 4065
29 4980 1497 4082 7993 2822 6558 9517 6255 7156 4984 8188 2873 8020 3414 4028 4307 2731 5071 9928 1798 2349 5194 3888 2192 7947 3972 7069 1217 7443
29 6830 5391 3994 145 7007 2995 6881 8405 9207 1548 6921 2789 7332 211 8725 5984 1393 3876 218 3659 2268 1900 5196 8102 6201 7637 8790 3897 664
29 4446 7839 3021 6040 3695 3389 7746 8695 2288 9094 1076 6211 7381 4826 6570 5520 681 4966 872 7942 1097 3547 8190 3241 8049 9294 6168 2243 1450
29 7560 7403 1773 457 3734 9010 2927 4804 9369 8367 8948 9006 9941 1539 1782 2570 3430 4266 5904 3286 5329 5436 3352 1960 2609 9470 6015 8845 6686
29 6448 8717 1337 14 8223 3485 1494 1837 9816 464 6913 284 4570 9617 5584 1483 8340 1403 2270 2001 2506 1915 5903 675 6798 6116 748 106 5479
29 4940 6524 984 7808 7261 9953 3498 1746 2917 4654 3966 4883 5676 1205 4314 9493 2685 1444 6732 3986 3880 9698 280 6909 673 7267 6643 6415 4972
29 9026 4089 5981 8991 6718 9978 5928 2585 2204 5622 4649 6892 4484 7955 6788 1890 1606 7285 5335 5017 360 669 7057 928 6208 8521 3591 7468 5631
29 5910 8891 3974 2587 4596 4175 1152 6898 2750 2660 8035 9845 9905 7089 9289 3423 6278 6567 6259 9996 2891 1013 1056 9302 3199 6539 2500 473 4214
29 4774 7927 4415 6153 8513 365 744 7152 9515 931 3078 4391 5550 816 7772 7113 2464 1439 4386 6456 8281 8656 1311 1629 1801 9900 8868 510 3153
29 2401 6279 290 2090 4658 2388 3080 3808 7838 7221 4245 4186 5301 9747 4487 7852 4589 9795 4806 9215 3490 8855 5020 4426 9052 1627 3558 647 4249
29 6053 7508 4721 4975 3355 6802 8548 246 3167 7123 3103 7586 1760 6487 4715 2453 2749 811 2155 2322 6682 2804 1243 5127 7215 8462 6229 3550 7143
29 8995 5007 730 988 7096 1517 2942 8104 9697 2652 1757 3918 5146 8812 3101 6425 9584 7582 1314 5935 6300 5398 5202 8906 8193 5950 5899 9200 6765
29 7393 5242 4823 8039 5969 7901 7736 1156 1598 2289 2458 5226 2163 1692 2295 4693 385 7058 2764 5673 4875 3076 3018 9323 9314 5562 8989 7011 5439
29 3090 7719 4180 5392 7974 9082 7141 3641 6325 6420 7015 6519 2646 2865 3722 6843 2305 5534 3878 742 4177 1313 4437 3136 6085 7842 7644 8258 1250
29 8978 2226 6599 9093 8788 8488 3484 2799 6544 989 484 6069 3661 304 6214 4241 6432 8220 4835 1106 6381 5296 9892 9800 8492 9861 1523 4505 1330
29 7364 4404 5132 2563 1160 1943 4358 6200 9425 1924 1699 6398 1428 848 8457 2959 7961 1922 9383 7066 557 9902 8467 9222 3020 4943 5718 4480 2984
29 6186 8794 2366 2156 7916 3540 8831 2178 429 3137 1781 1579 2217 3091 4144 2924 6050 4756 8264 9723 8297 8740 743 9201 7423 3852 818 8413 469
29 8825 3300 6101 5402 2389 8127 7135 9757 1824 8430 4542 6681 2214 3825 5093 6274 7932 5506 9796 1923 8304 6140 9252 184 3135 2860 111 6421 2065
29 3348 61 4878 8931 9183 2356 2856 4162 6383 438 5156 3374 7548 3025 437 8706 2179 5367 3930 340 2213 7326 6883 8963 3359 4255 7645 5204 565
29 5468 428 8240 4362 3038 8660 7435 8757 9153 9858 7347 7300 8859 3958 9264 7844 7287 8309 4936 8163 606 2622 1036 9645 539 3597 3207 6466 3511
29 5788 9642 3143 5677 4223 1660 8778 5717 5374 1225 1934 9676 2350 3238 9115 4108 5117 1389 2136 5701 1328 670 459 6103 4312 6607 5541 1012 3436
29 3193 2741 292 4288 625 2266 9590 3979 9518 2608 4072 2925 5833 9410 9574 2911 1685 4576 6317 6652 1251 9534 5256 4754 7976 8932 4567 2819 285
29 3971 9760 8712 7497 334 6107 1695 4536 59 4414 1071 6633 2626 8313 8249 153 7341 7414 2274 9587 9997 5721 6332 5332 1492 4593 4284 7389 9408
29 1044 8745 9935 8704 4092 1131 371 8343 9985 3635 9640 9849 8241 8639 6819 8080 8702 4816 8628 5290 3444 8672 6549 763 2480 2813 6454 295 1159
29 6387 7689 9973 9992 7785 3336 9285 352 6337 7994 5251 7873 521 8581 2541 5082 5230 6110 7162 4308 1921 897 1431 7869 3398 3495 8530 1058 3970
29 5816 6981 6880 5246 9089 4150 8114 3636 8718 7650 7720 4682 8278 4346 7172 2371 9398 807 2611 8865 5652 8760 9272 9594 2335 8974 5663 2328 3651
29 6303 7740 6957 4828 166 3489 844 412 2862 4923 5715 3725 4915 7902 6785 55 342 3731 3574 9831 4116 1762 8423 7275 6863 8636 378 6475 8696
29 1630 3483 6072 6082 4831 7752 2858 6594 8961 3350 6534 1577 1502 5179 1675 2425 8292 6750 5669 506 566 8478 8857 2982 8863 8952 264 3995 471
29 4694 4759 7281 3913 4126 916 7786 2078 9142 6417 7550 88 7900 1999 6283 8773 5709 2063 8688 7408 3338 7272 4867 4592 9572 3934 2232 6741 4814
29 5453 4735 9435 8266 8832 7939 910 6216 7351 8148 1078 7814 9464 8658 810 8955 9148 1470 2341 9852 3027 7833 6470 6820 2380 1607 3871 8758 2882
29 6060 5606 9000 5526 5918 6188 1950 2734 6316 4842 3126 1832 2088 1524 4309 6768 1807 6961 9 5522 2474 8726 4153 6992 1985 9301 1770 42 9745
29 6875 201 3420 9739 8484 2006 8152 9216 2628 2677 467 9908 2786 6786 1679 6333 9533 2901 8432 9887 678 8409 3753 4590 3923 2889 8257 738 2210
29 8809 2502 1432 3528 9004 7340 5085 4495 1815 5560 576 8720 9128 3451 6403 7878 8424 1471 1220 9709 1504 5796 4938 3814 8999 9990 8256 9335 6453
29 933 9489 5209 58 9947 3684 5163 3094 6980 7305 7698 8785 2583 9034 9549 8017 7595 4428 691 5004 1751 9749 4044 4333 3164 3239 5569 5009 6098
29 4076 8458 8016 6442 5015 8299 442 2728 7879 3935 1490 7063 5642 5660 6479 7891 5664 461 19 9646 2110 3526 1907 1734 3506 7549 9933 9292 9333
29 7724 3379 5429 4746 2870 4997 2152 9868 8291 2119 7640 6382 2483 219 5613 8780 4672 9450 4809 8853 4873 9478 20 2092 5862 3394 6726 2980 2221
29 3181 5064 1723 6963 4701 4169 9169 3281 2364 7330 3188 8285 6844 3029 274 9340 6265 9789 1789 9751 7806 4834 4974 5801 4344 583 2895 3548 8578
29 5728 3036 8721 8709 9895 9730 3589 7259 3215 3448 5881 5223 9521 9553 6861 7812 4870 5694 5992 8887 5690 4395 3477 1600 2909 2448 3752 8879 1887
29 9964 4397 2923 9744 8058 9725 4908 6363 4808 2283 5968 5460 1333 1708 1440 8422 6494 4869 7361 1994 9909 6171 9466 8504 8884 2867 6676 832 793
29 1624 1586 4365 1269 719 2329 4174 8391 3857 1637 6542 1828 6365 6219 1130 3030 881 6899 8008 4318 6468 4490 4466 4916 7989 9072 213 1268 8030
29 373 8569 8495 1535 8282 6485 5430 6780 4692 3245 2491 3031 7070 7652 6648 2859 1096 1518 3116 8903 5437 2588 9764 4942 1969 3134 3249 7319 3705
29 5696 9342 4448 4925 9109 5512 7254 300 2629 9378 4093 1227 2197 3704 2348 2023 4420 7345 1138 4217 3842 9630 3354 7596 7274 1509 34 3160 7924
29 9404 4434 8252 1691 4256 339 2550 4681 0 9817 3839 5257 6579 6404 5738 5732 8933 4657 785 1542 5148 3746 999 7897 6720 1955 3443 5586 5343
29 9434 5692 8054 4119 1634 1621 9326 5985 9218 5776 9728 6730 9663 4068 5666 8922 8448 4143 8972 9573 9199 1077 2410 7321 2659 9540 1638 6879 1537
29 4899 8169 4514 2700 8793 6836 67 1500 2002 1536 2297 5909 3172 5098 6527 2161 2521 3507 9825 1222 4469 6088 440 4049 7354 1995 9440 6617 243
29 5651 8603 9708 1155 2711 3751 707 6958 1860 5803 5315 6772 3910 2377 6292 8992 432 9785 602 1958 4100 6157 5626 2668 3775 2883 6814 356 4493
29 7258 9164 3559 8194 5306 2159 2601 1231 3418 2623 6151 3435 7606 6426 9842 8722 2958 3990 821 518 3983 7940 7216 1342 6789 5977 2443 3622 8691
29 1303 5172 3141 4609 2936 6391 1813 9915 5743 9017 3758 6939 5747 1748 8272 2612 1543 8436 8898 9009 7615 8443 250 967 4586 1830 787 2507 7721
29 2363 7112 3009 5126 5142 128 248 2186 2562 8382 5308 9019 3532 5627 9532 1697 4817 2636 9737 4525 7218 8438 9692 7868 4989 5641 3645 2565 5212
29 6233 6562 5559 1022 9843 1414 7029 9364 5532 6113 3962 5927 655 5336 7710 955 3070 4390 8547 6950 8920 2987 8064 2072 1976 7245 5895 5412 2479
29 3155 2069 7490 9299 210 1057 9570 8522 406 8395 586 7072 5463 8630 4795 8138 3138 6603 6143 5572 1154 4485 4025 5917 3623 654 9505 6658 866
29 1787 9409 1644 997 7572 7210 5521 3317 1307 8730 7165 2857 7541 8397 4322 28 3320 1468 2797 2798 6742 3213 6969 2802 9155 3516 4242 9038 8215
29 6517 6752 4687 8737 2206 5164 6472 4579 2193 4473 3925 9768 7755 1690 5998 9904 1886 5790 1200 7158 7342 2569 1980 7091 3999 8063 8366 5190 2981
29 8229 8531 1706 4944 1822 5013 9814 3467 6124 4081 4990 6928 5035 6364 954 2224 9286 3873 3671 5480 9959 5354 5554 529 2848 9921 4898 1214 3212
28 6525 5198 8464 9870 857 737 2360 1287 7569 4090 5099 3198 706 868 2111 6237 993 9221 7862 7379 7329 893 3461 6451 4339 9605 36 774
28 2581 3178 1643 5863 3118 8542 4640 9648 1707 5215 8888 1663 4858 3133 4127 4519 2487 3830 6314 2838 3324 6019 2450 241 3063 7455 4300 4509
28 9029 1254 6297 6972 9467 5621 1972 3543 7737 2654 5317 8765 5834 5711 4059 2973 2843 4860 2508 4482 8419 7422 8490 4970 1084 4190 734 1344
28 4297 4785 1793 8354 571 9224 5900 3551 5970 3798 227 4996 1124 1848 1932 7507 3891 6163 3000 2059 6244 5281 419 3715 1112 7136 8129 9037
28 6754 5689 5458 715 6005 9191 8588 2876 1151 69 2044 107 5491 9087 5418 3340 9175 1758 178 1488 5840 7494 6017 2547 6566 8622 5723 833
28 4194 8699 2068 7972 4798 9714 8768 3421 7911 8357 1407 961 7291 2488 6673 9297 2302 8579 1982 9219 3949 3644 5351 6226 892 3555 8599 3246
28 4788 2753 9310 9695 8549 8538 4423 4063 2141 152 6793 4986 5971 8858 2240 9092 78 630 4877 5052 81 4560 5325 943 7604 7322 9568 9438
28 9684 4467 1046 8938 2442 2399 2615 4911 3601 7741 1334 1083 1722 5014 6427 12 5115 1208 1876 7988 4708 8235 5774 9682 7380 4004 4110 8137
28 3353 629 51 4541 6197 5949 2138 5587 2343 1274 7578 1275 8895 9372 7594 4371 6783 4616 5262 6130 1478 3742 2770 1015 5529 8306 6220 229
28 1942 3260 3367 3984 4546 2047 2359 4083 6547 6763 8479 598 1703 5484 1625 9660 3686 8311 7233 6034 3334 3759 9929 7304 1486 6620 7543 5648
28 2931 7504 7412 973 552 2131 7898 6490 3807 2554 7358 1236 4380 4700 4697 7449 5334 7664 1871 8468 9659 5667 4198 4501 8577 9962 4313 877
28 8701 2497 8401 8928 193 4302 9140 1291 4461 8314 277 6326 3620 4261 9884 8789 9303 3019 6503 5184 8988 4844 8642 7977 6016 8253 7703 1340
28 3963 4281 2207 9279 2177 6411 1559 3144 8473 3097 3520 5674 7307 3862 9196 4963 7981 6926 5428 3585 5894 5820 3472 279 400 3885 97 3643
28 1436 4398 2333 5384 9345 3415 1039 727 9108 7926 6622 8827 809 5755 1597 3110 4534 9079 7107 6812 8024 1461 9116 895 1481 1210 6923 4945
28 4416 8996 5443 9801 3261 3439 86 1247 5175 3694 2635 2664 9295 5938 1991 5347 5373 2223 4810 8199 119 3425 6499 5248 7479 616 8353 580
28 6710 2076 189 7716 6663 869 2968 2738 8543 9080 815 2610 2977 7829 1395 5424 5409 6874 5735 2241 1271 925 5278 610 8261 3879 1938 1402
28 4066 8612 8957 9057 6758 2519 5565 8298 6001 9137 2979 617 6716 3667 7104 4388 6412 2481 9625 3264 2054 3455 9083 1866 4213 5397 7598 8546
28 3579 8368 4712 8153 9777 4565 1167 1925 8335 7789 5782 8545 4991 2311 2046 4807 9944 141 9886 6390 808 8447 3792 4620 2983 4280 551 3696
28 3639 8389 7957 5415 9181 2165 6884 7201 6782 2533 5394 9298 8624 165 3169 332 8594 7967 3050 4138 5745 5615 5590 5831 9641 1356 1736 8360
28 2347 6545 854 4836 5237 4021 7524 5222 9912 2805 9096 8519 9091 7964 5866 2847 9110 7784 4856 2869 4355 3732 6232 1365 3132 2540 2712 2864
28 2437 4749 7 9937 2955 9786 7591 6514 2971 2357 9344 6769 1239 4298 9580 453 4147 3803 3186 2194 7337 4046 4547 7386 3289 2692 2263 7425
28 6935 5530 372 9454 7757 5137 8493 386 4773 5220 3699 4496 6450 1990 8570 7991 6618 7835 5704 3802 196 8428 3874 5515 1677 8310 2039 2134
28 120 5598 7745 8408 7617 7333 7864 7167 3539 9547 7085 1060 6931 2719 1605 5094 8166 1132 1420 1367 8361 5231 5542 6433 6161 4114 9528 9158
28 6975 6306 1971 2183 4779 3542 8690 1241 3298 7025 2272 4477 5932 7236 6149 7748 7036 1457 7770 8012 418 6560 2027 5 4115 9179 3364 5957
28 9114 588 29 7226 9365 2596 5309 7816 1399 6940 1814 185 8209 7369 8550 1345 2962 9337 2338 8455 8207 515 8146 8499 9024 609 9557 9428
28 8580 1079 5864 8208 9896 8990 4348 1546 5032 6714 3898 7002 5756 599 642 8646 8162 5494 6824 3855 4058 6414 4170 8800 18 7866 3664 2972
28 5177 8781 9185 2127 6399 859 6672 2103 6298 7073 3434 2128 6746 4368 6760 2684 7538 4285 3266 2185 1384 3865 6871 2670 840 9878 4562 220
28 5379 2837 806 2222 409 6394 6864 3827 6645 2382 2900 2457 1059 2595 9677 9544 5736 8750 6471 35 5823 9832 7658 3646 3515 4941 3023 7250
28 4815 1783 8557 6419 7442 5166 7599 4574 7083 1913 161 8710 2567 5427 2125 8172 5323 1856 5966 9081 4073 3428 5502 4279 4850 9913 7101 7439
28 3487 9893 7317 8808 6295 638 4218 7103 3410 778 8671 1262 752 8959 736 5751 556 2145 2463 5975 5229 1404 6491 242 9417 4544 6218 4094
28 3284 2310 3412 1603 7928 6067 1207 7232 901 849 4778 3709 1417 7401 84 7407 8997 825 5372 7084 6537 5214 1459 6862 5954 4269 6924 1352
28 2974 639 1608 8635 5144 1304 4928 4794 9063 9431 7415 6258 9765 8754 2446 4385 9457 8407 535 5078 7426 1893 6821 2602 2070 1564 2510 5390
28 9347 937 3928 3652 4781 4337 158 5193 6243 1054 5152 8230 8927 43 9976 8821 1640 2432 5679 8940 4375 6287 9097 4109 9565 7727 7454 5955
28 1596 570 9250 2760 5876 7871 3210 26 9346 7039 8226 1300 757 6878 5481 7935 8524 1962 7938 3634 3868 9717 6502 740 1534 7223 3678 6032
28 9380 1141 5953 8911 3312 8398 6349 8141 6181 5006 7222 4720 2166 6526 8222 3040 9320 83 9243 3762 6025 3337 3908 1396 9649 6797 4479 3701
28 7690 5986 8434 3638 596 6290 922 4251 8325 8011 9529 2580 1290 693 7824 7009 1521 2964 1458 6328 7725 9353 6901 6462 1219 4353 7815 5538
28 1322 9726 4118 781 2291 3463 4311 3211 9857 3596 991 9567 9203 9235 6703 3314 554 7886 1896 1935 3716 9054 1455 4141 6907 4992 7768 6725
28 9480 1289 3074 7026 4179 6666 3156 3530 6841 9583 9869 9051 544 4641 7362 1139 9373 7841 7889 9208 9131 4226 5580 7691 7714 3959 7743 2406
28 7427 4846 7700 2492 1031 9477 5501 1055 142 560 1475 6277 3417 8111 9174 2384 8923 3835 5578 7217 4868 5455 8010 7301 6749 754 52 7618
28 5110 4821 73 3252 9399 8634 6091 6918 3900 4468 6575 9412 8744 4595 222 2459 1696 9465 2855 6268 4791 980 6551 3109 9095 8673 1398 8106
28 4812 875 4937 5344 7702 3228 7766 672 1910 499 7704 9064 1533 4205 1016 687 4360 3968 2495 2336 8981 6058 6286 2403 4775 8394 8535 2509
28 9237 6489 4732 8687 7849 9750 3717 2164 7635 3804 2922 6266 7496 6998 6336 6792 376 9855 4263 1372 5539 8004 7467 5037 555 7723 2697 7418
28 6677 2665 2049 4229 2529 5197 7845 2603 2011 5385 9290 6368 9354 323 9070 1089 658 9112 6239 8775 2430 4888 85 2633 7601 6613 8179 8662
28 450 2667 6329 3139 1341 3013 5698 3977 2473 9384 8337 7894 1839 2806 338 2627 8176 6745 633 182 8980 6684 8109 9979 5617 1914 1401 4730
28 4359 9481 8850 3158 2940 4326 4328 2866 8503 8461 3584 4325 8224 5888 751 3060 3285 1601 7044 259 4551 8946 2321 7696 1406 4452 947 5240
28 2017 5060 6109 9885 5861 7090 4792 6604 4039 5183 2482 1882 9495 4363 7308 796 4317 9881 1099 1553 6134 7252 2617 8087 7153 1293 423 7095
28 1916 758 3149 9402 7959 2116 5129 9829 6532 8233 6632 5851 1348 8040 2643 9188 5994 1588 9577 2695 1717 2620 6099 7098 1612 9705 7699 4637
28 7920 147 694 3184 3407 8161 3927 5653 3889 9003 2946 9864 1451 5583 82 3119 6293 8082 7187 5149 7346 2307 9967 9846 6369 3801 7995 889
28 3056 8265 6916 2239 9555 2920 4598 750 3575 4394 4757 3892 5288 3331 5434 3165 6416 3580 7046 5302 4751 401 3689 4881 303 5733 6348 5377
28 2872 5640 5769 1369 7729 5699 9066 6722 5097 826 8246 829 2471 4187 1374 5450 6080 1648 6458 8506 6010 6138 4237 7503 5114 5116 5487 3512
28 8645 2324 8096 4168 2998 8300 1377 4540 1090 1587 517 6647 3673 9156 3726 9761 1869 462 7992 8406 6354 8154 70 9379 3351 6614 2817 3047
28 2868 692 8567 595 2475 2511 170 1811 1326 8034 5371 9084 8869 9907 971 6271 2279 4422 9882 214 223 5941 3328 7573 32 3653 8842 2489
28 819 1361 99 4577 9802 8529 5119 2525 4163 1581 1687 5765 8894 1829 3107 6887 3449 4684 2319 5741 9609 3593 9452 8416 8363 8279 9535 8900
28 6388 7735 4913 1091 1438 667 7769 9791 4463 5706 3313 9212 4650 791 7515 1550 5466 6422 541 1799 4007 8986 3778 4787 7919 7547 9622 7450
28 5081 8558 6281 3832 8280 6796 7174 5258 9176 704 1538 3955 7756 1443 6740 8071 8977 1316 8232 8108 4131 777 5295 2919 5005 8047 3893 8571
28 1230 1618 7516 5618 4381 7020 4830 8259 6896 724 9257 309 5591 9833 5678 7525 11 6373 2597 494 5730 5757 5725 3471 6541 4121 627 4623
28 5206 8902 476 4950 2318 3952 9123 7149 1904 2572 200 50 4627 5285 7493 7631 4492 9954 899 4905 3244 6937 9085 6378 7390 1843 9922 188
28 199 2524 1270 8719 7642 9336 4611 7951 5670 149 9665 936 9603 6477 6986 836 232 6355 9771 6276 7359 9197 7212 4062 5657 1198 2553 7531
28 5025 3931 9634 4543 7270 644 6146 367 4324 9759 8320 3183 1228 9043 234 8833 9685 5937 8088 5219 3524 6669 1511 1312 4057 6900 6832 2985
28 668 5846 1064 4929 9242 9667 9381 3976 2467 175 8723 5535 6100 8731 396 9866 5169 1847 5686 4024 2162 1376 7024 6020 3254 7707 3206 7600
28 7534 8192 8623 1835 5241 6158 2378 8966 5933 9023 321 294 388 3082 5860 7558 8159 9680 3192 1965 3917 1574 990 2934 8331 4932 6530 6736
28 4320 5958 6576 8321 3311 3863 498 2785 7194 6912 4947 1053 7324 7679 8076 173 4507 8110 6947 7238 5943 7953 867 8177 3223 723 9669 6697
28 1668 3621 5030 1609 1919 9738 5841 9420 4969 969 4352 7657 3253 8878 6867 9217 4764 7315 3072 8523 7295 9720 9141 1430 2015 3782 2315 6974
28 1562 3765 5012 76 3764 8782 7628 2824 1759 6687 2084 759 3727 8598 5628 9633 9807 8060 7787 8967 1448 1966 3938 5287 1351 5381 9050 8984
28 5199 6409 7056 3233 7416 271 2404 23 4998 7892 8585 3292 7344 9147 1456 1325 6580 3121 9721 124 8591 6049 8861 6876 1858 5101 4227 247
28 6699 1879 6528 472 2168 7314 8267 2451 2543 7895 2807 2522 7540 677 4987 9687 9276 4599 7813 2087 9581 3111 1037 7016 9059 8149 8112 9582
28 2520 1680 6600 526 4510 6496 7447 9088 8537 4031 6269 8907 1728 7655 8525 3675 3309 183 8255 1095 1119 6033 6048 377 3633 2705 9525 4221
28 1749 4644 9332 5500 7639 4891 3276 513 9666 708 375 221 7882 6561 7097 6872 5413 3102 1429 7742 5719 8466 1744 7676 5326 5185 4652 9593
28 207 2201 7499 5503 7229 9421 6634 3582 2999 7157 6006 3162 4953 1224 4822 3368 4146 3500 2849 2591 3306 8296 1213 4573 4977 5303 2578 7438
28 7001 1686 9045 9828 8324 9157 8657 8197 5124 8572 5792 5688 4250 2429 1755 9719 2965 2376 8497 1763 6982 2123 3360 2048 5341 7613 8649 4275
28 1454 1831 2122 1522 6615 6273 3112 3756 4268 2220 48 9987 4659 4158 2647 2935 2056 3480 4502 622 7996 885 2237 3130 1765 9949 4699 8807
28 8328 9919 1142 6927 5759 660 4917 1463 3811 8799 2640 7791 9988 5661 6482 7489 3761 7545 5120 530 9471 9172 7027 6837 6564 2663 9135 7779
28 7064 1433 3884 4517 2259 1780 7451 1245 1816 8597 5180 6934 9277 5607 4336 4042 4107 3413 74 6366 6592 6850 1186 9650 7530 4070 4125 5495
28 186 4805 863 5934 7224 5106 1501 9152 3985 5623 5448 1472 9898 431 3375 5635 101 9948 1595 5589 3403 3611 1249 7535 5361 6827 9862 3988
28 8067 6007 7266 9940 9970 3055 2132 7343 8677 1868 4140 2571 2040 2791 3806 1827 5109 6948 8044 7428 648 888 5685 5585 9463 6445 5882 7289
28 288 1359 94 4017 8317 1957 8312 4949 4689 7566 9149 4097 1033 3519 3936 8934 8836 3793 6073 6334 7922 534 3216 9448 3905 4195 9251 5314
28 6483 5096 2337 7506 9400 2768 7811 8605 8834 215 939 9132 9291 2755 966 9392 5773 7518 4183 8564 601 6389 6021 328 2330 9007 1127 351
28 2035 7396 8694 4960 8661 4165 8358 9762 1004 6608 4262 653 7059 4733 2246 9711 9160 5451 6353 4802 4410 9966 9999 1571 4617 2143 682 7491
28 4976 9797 2052 9274 3209 6203 8880 8420 5891 8985 5818 1272 3538 3344 1862 2699 9033 1040 1177 6346 1237 5311 2812 9099 8693 7348 589 8507
28 7227 1373 9628 5880 4840 9994 6178 7777 7614 6839 9036 7299 1730 2126 1212 4036 49 2878 4366 3217 3278 6583 3676 7610 9308 7990 7576 8975
28 2648 2038 3422 3720 804 8139 9668 735 8502 1116 3527 3240 7144 6546 699 7611 5420 6571 8122 5410 4884 1669 9773 3799 3053 4825 4277 9755
28 5171 9784 6563 4340 104 8508 6183 6626 3 6708 7028 8806 6902 3083 9911 6662 2320 9390 9519 4299 9234 3026 1042 3150 3077 5474 4133 9924
28 3496 3004 1008 5889 8771 8875 5837 2990 5189 4545 9712 8889 4497 2455 4156 8165 7554 6480 9703 4005 308 1088 9387 2579 6573 1623 6917 9837
28 9512 9459 5245 7470 628 2431 2808 7649 780 317 957 801 2890 3173 7584 1800 8276 1715 6770 7360 8269 843 9413 771 5259 665 1072 3640
28 5216 6690 7256 4096 5877 2303 5475 1569 8031 6438 6596 9980 9008 1162 8113 8759 8260 1386 4417 7715 3383 1286 6639 5869 7161 3464 9040 9444
28 5061 8510 6586 9192 4231 3174 8477 4696 6177 7049 3182 3325 2733 7695 9522 1048 6064 7276 8562 5836 5553 3382 7764 2781 5423 6066 7000 8640
28 8763 1620 4451 1324 7874 5509 9562 9414 9554 8637 6282 6495 9271 3846 6757 9485 2515 6439 6823 9078 3356 9119 3054 9120 4909 3777 5088 9793
28 6117 5065 5118 4488 3654 4167 2825 208 8333 4405 992 9894 6945 3492 6267 8119 6825 3624 7262 7202 5921 7822 3737 822 5805 6460 7732 3981
28 6548 439 7681 9049 6357 1264 9022 7209 8540 7241 4895 5684 6187 6667 2830 6578 4669 1320 6305 8811 4171 9516 9818 817 7179 8804 6051 5497
28 9536 6356 3287 5575 358 9100 522 4136 8601 824 1970 2462 1530 1387 8896 6374 1688 8746 8318 1989 1626 5053 6164 5783 2117 1427 850 3459
28 8339 3632 8160 5456 6254 5238 2914 7633 6245 9443 2638 9306 960 6497 982 9860 9936 6018 7828 7035 2418 2277 927 380 591 9401 3010 5276
28 316 2137 8536 9133 327 9356 411 4060 9897 5355 4661 9824 5102 5995 2407 8006 9492 7636 8351 9258 7424 2637 8 2888 71 5610 3123 6791
28 2379 6246 8560 341 1047 3682 1123 4538 7431 8074 9511 8838 7086 5749 4849 4396 5157 1482 6764 3805 4847 8170 7353 4232 6805 4474 5775 1964
28 6747 9975 4848 8415 7067 8472 5829 4134 7941 6557 3914 2109 994 7137 2722 3376 6933 8559 9397 2370 2661 1899 5253 8683 3433 2720 3728 5632
28 7473 6960 5672 1945 1720 9585 3809 403 1727 2691 5286 3365 8070 6162 8078 7502 2424 6070 924 4402 5021 5122 871 5662 2966 2112 886 7602
28 8734 4208 1041 2582 6860 4273 6795 6664 7807 8431 2249 4651 3603 9182 711 2721 226 8801 9014 7004 8729 7846 2230 8520 7643 6885 3819 5029
28 8755 2414 1382 7365 15 5044 2910 2747 7800 9430 7693 1791 9348 9327 2662 7915 456 1394 4843 8783 192 1023 1009 6505 8019 3887 4820 9486
28 2992 9367 2498 8852 5611 5596 8600 2811 8554 3763 8738 7138 6212 7474 5624 6991 7193 1646 3693 8263 1563 7320 2476 7041 8644 7505 720 2902
28 5619 9656 5703 855 6094 5022 6455 6698 7513 3766 4015 7574 6210 4084 6654 4824 9205 150 4719 7529 6331 2688 2252 4185 643 1400 2556 4181
28 2826 2434 3363 5121 6057 3604 3605 4240 7520 6396 8648 8518 113 5473 4101 3945 4983 4829 6030 6804 3441 6971 5445 8098 1912 3255 5762 7585
28 9018 5328 3513 9690 8877 4030 9968 9729 3396 5075 4023 9713 8736 7511 4270 1168 9002 9246 8936 4532 1653 2255 2707 5808 3982 7559 945 2292
28 2736 8182 8171 8451 3092 3406 9451 5346 5807 4290 9920 5795 546 919 9165 6488 1233 8881 747 7608 7388 4872 434 2557 4254 6761 4628 7331
28 3906 4316 770 5817 4852 716 2614 6848 7339 1979 416 6938 6 5366 4056 5597 5136 5000 1992 9474 1775 7391 3848 8326 8271 4438 1113 9362
28 2099 8061 204 8596 8327 5425 236 5906 4880 2743 1281 659 9993 482 9343 5228 8125 1946 8830 6012 2285 1920 454 330 7713 8075 4248 3607
28 5952 9416 6997 1 523 7349 7678 5217 8663 4411 5556 2494 5162 7328 3861 3514 977 9689 6087 4035 2794 5859 3771 786 1030 6320 2396 5592
28 7948 2085 8005 905 9318 3227 5724 6702 5232 1888 564 2599 8762 8364 641 1956 9639 553 4610 4184 3996 5603 3774 5310 8917 5729 6709 9309
28 5536 4470 2952 1710 8486 3545 9220 4523 1266 9694 1906 6809 918 489 7686 4743 674 7012 8417 6694 1526 7856 1732 5726 4859 6228 3577 7801
28 4718 6582 1082 1379 116 2140 8886 7446 6766 9748 9315 4549 2257 1983 1911 6223 1704 6036 2676 2080 1445 1967 593 769 8733 8805 6905 2598
28 9890 5511 9193 5444 1174 5404 9612 7607 8059 9619 2486 8099 5778 324 9743 6799 7982 8856 2829 5364 1855 262 2803 5438 5108 2696 4707 7552
28 4832 1545 5746 1742 7313 4306 7204 5772 5001 1226 503 6704 1327 2730 5313 1283 5338 9811 9067 6790 2752 9500 6345 838 3683 5543 618 1028
28 1178 3318 420 8026 5793 4634 359 7587 7048 3342 2674 8349 2761 3618 710 4439 2233 8914 5139 1716 8120 8840 3522 1968 7562 4933 2727 2778
28 7106 749 2967 6601 9016 7575 4930 1794 3569 9556 3768 7712 6605 4424 9229 9071 8185 2560 7125 2657 3453 2535 5612 7733 1861 873 6794 3609
28 9808 5498 6508 6713 563 8867 1411 6092 1115 1248 4503 1902 7884 7921 2739 4550 468 5492 5400 5687 1936 3341 2258 1111 6327 7211 47 5902
28 7934 6106 4173 998 3626 2908 4091 2150 8213 1898 379 3505 9180 9171 8136 5483 6400 2818 6574 5359 8676 7809 6949 8590 6302 1641 5806 2892
28 8065 2108 8459 8945 3438 9618 405 6481 776 1642 4524 9013 8707 2411 3662 7173 4291 7526 9255 3679 9863 9368 9168 2577 9700 2681 5737 3086
28 3576 972 8749 9856 8958 4500 8705 9524 762 1238 842 2101 4453 326 5643 9432 3933 1297 1941 9265 5104 2653 9927 3049 258 3229 3586 9482
28 7662 2881 8583 357 2189 7088 6176 1122 27 7071 3541 2762 4607 7310 2395 3120 6160 125 9672 686 4686 8735 3319 7773 8544 9248 2200 6506
28 8670 1821 1299 3613 5525 8818 9261 1961 4630 7461 6129 3416 8527 3881 1397 4635 519 6090 8741 679 4988 1840 4367 3057 914 2273 2385 2774
28 45 9423 7963 7242 4526 798 3147 4528 620 8650 2645 3168 7034 6449 4433 6828 6342 5967 5576 5467 7936 9351 3326 6994 1617 712 2650 53
28 7284 8964 1102 3743 7855 4602 9105 6206 9453 6629 5489 9227 9442 831 9355 9238 1984 837 5221 2042 478 3140 626 9268 6175 6985 4193 1447
28 4529 795 3151 9950 9424 1134 9607 6680 6590 8925 2094 1354 5744 4522 1651 8228 5218 767 8348 7668 2834 8480 6192 4515 1062 2025 823 726
28 7675 3556 7799 1034 9458 9752 89 7279 1234 8533 5973 5523 366 4894 603 7659 9957 6611 1255 9273 3583 4012 1452 8084 1745 9282 2845 5912
28 7975 6893 90 4002 6624 8000 4675 2932 4887 1531 4027 5563 3566 3856 9263 926 4267 6738 443 7040 6027 9154 493 5614 2106 7010 9673 3697
28 4088 5815 3698 7243 1422 6811 8774 3357 293 3129 2759 5890 9804 1491 9020 8247 5380 3816 7400 7171 6253 1477 1874 6154 900 2256 6011 6126
28 3615 7792 4235 5675 1974 391 3052 9932 8682 4920 4283 7673 7023 8043 1836 1133 7371 110 5433 9047 4152 585 362 3800 5279 2433 6135 5282
28 6903 3440 7033 696 7827 9608 1170 6993 8561 2281 8234 938 6873 7523 615 9498 2854 3533 5389 7051 9880 1309 413 3612 7836 8307 7055 7514
28 5875 3230 9916 7356 6631 5249 6983 2460 7624 4585 3400 9756 206 6362 3546 8128 2386 8727 1194 9805 3599 6014 9906 3497 1726 3669 3409 9259
28 9812 1317 1767 8376 9151 5446 9331 8870 7399 6891 1725 4234 6910 3776 5405 8698 4582 2484 4968 5963 2552 7251 9283 6829 3824 3370 951 8618
28 2436 3302 883 4407 8910 9223 8897 7767 5150 1301 5879 6914 7154 1105 1714 4521 3248 7082 7555 3481 1927 1120 1087 8761 7682 479 9561 3445
28 4054 4305 3347 1100 8893 1805 5771 1689 5476 6952 5339 8633 1193 2066 6376 8184 6693 6358 7634 7960 3372 4563 2008 56 4955 7292 2079 3007
28 1718 8442 8029 2835 4003 3875 3796 2938 5855 9293 1590 8051 5814 4893 2961 9317 9637 7133 6696 2944 1846 4330 1774 22 8866 5914 3265 7533
28 9930 2160 8204 7646 575 8739 590 2621 9275 6075 3867 4978 8244 1520 8421 2877 1051 6849 5646 383 3890 2314 7717 7228 6779 9575 6515 7881
28 361 1514 820 8392 3677 2238 7117 3943 3637 4123 2019 1358 1108 2218 7837 7045 417 9626 7923 7166 2477 7383 6535 2737 3916 2107 7121 4668
28 1875 5599 5401 8210 1435 8033 3201 1346 154 1464 7445 5843 7751 9062 3937 3087 3755 7527 524 2423 2064 4361 6638 9931 6833 1129 3713 1258
28 5507 1667 6756 6656 1140 1631 3450 3462 1144 3402 3957 3411 7248 8028 9189 5826 9484 3744 788 8512 4727 3380 8286 2715 2630 3590 5176 5508
28 4670 8346 415 6310 3779 4568 1487 3088 4427 3235 9769 7593 6936 7632 6956 803 5211 1383 4202 9330 574 449 7475 4166 4967 6457 8841 645
28 369 3784 8556 5919 8655 2549 9734 9782 2248 2309 7568 4450 7372 2723 348 2782 7464 4356 9186 2182 4717 5911 4435 5370 548 8239 7018 605
28 6932 1582 1852 7440 9809 1176 6889 287 1069 5557 1700 2478 6429 4946 9591 8189 3993 860 8418 6272 3672 7334 6989 1189 5951 3739 9778 1818
28 6568 9446 8140 6984 4436 2575 1576 8287 3860 6343 5561 8574 3208 6059 944 3189 5531 5794 7832 3610 5333 3304 2558 5224 3692 7788 8121 8939
28 7625 920 4837 8336 3429 5465 8131 4327 9170 1963 4455 9651 9827 5925 6737 9144 387 6978 486 1779 8183 9958 8685 6803 9671 6184 4201 3749
28 6856 7890 4695 3069 1639 1810 7944 1769 2939 9691 3221 2790 4857 7093 2344 4765 2978 5644 4910 5054 9688 2435 3537 2534 5637 907 7556 9280
28 2276 1698 8942 5087 2584 7296 5056 8929 8767 7661 5067 6636 7660 9879 9032 4188 7265 7823 7749 1870 5989 9469 3437 3503 613 5188 305 8848
28 8243 7726 2021 2897 9360 581 1933 9241 913 2060 8155 6423 134 9232 3204 9624 6121 8802 8356 7798 6319 4734 1343 797 7417 452 2564 8534
28 5913 5358 5141 3401 8032 8485 5123 4862 5269 7434 5002 6660 190 7406 9847 6240 8212 8330 8814 7753 508 4038 4331 4247 3476 3457 117 2701
28 4067 1721 1050 1549 2304 5168 7605 3826 8700 5982 9636 2907 703 2669 4747 60 5960 3345 501 4571 619 2496 7539 9599 3920 3329 102 4839
28 301 6230 5922 7680 3106 7436 1165 2757 5838 1973 4664 4157 5472 9060 5091 6516 8115 381 4729 9134 8225 2439 9468 3185 6774 7896 1948 4674
28 8620 5896 2651 9027 7622 8874 8018 6185 8274 140 6405 1820 8483 6370 4518 1552 4304 8270 5547 6973 3656 9854 2740 5449 9632 5555 8198 2174
28 2839 9986 8494 7220 2605 4537 8214 3896 5659 5207 3788 7457 8839 9826 728 7590 7207 1853 2472 6941 8551 1785 8517 8429 3386 8195 1223 9202
28 3534 9462 9724 5292 8370 1003 9770 1889 8308 5639 9473 1619 6464 2970 9472 536 2673 8665 6028 5353 4614 7965 6685 1005 1507 2666 3197 4516
28 4350 3864 2398 6507 3393 6252 1045 9415 7244 7933 2229 1650 4796 8085 3275 6167 5077 1294 8167 7985 5983 5962 8653 2154 8025 3180 1573 96
29 354 9439 6046 8716 9339 3218 662 6408 8595 3277 1949 8918 7032 3033 4854 5469 8629 1147 95 1864 7005 4200 2452 8837 4014 2792 8828 6379 6156